200 36
Use
1 1 1 1 1 1 1 1 1 1 1 1 1 1 1 1 1 1 1 1 1 1 1 1 1 1 1 1 1 1 1 1 1 1 1 1 1 1 1 1 1 1 1 1 1 1 1 1 1 1 1 1 1 1 1 1 1 1 1 1 1 1 1 1 1 1 1 1 1 1 1 1 1 1 1 1 1 1 1 1 1 1 1 1 1 1 1 1 1 1 1 1 1 1 1 1 1 1 1 1 1 1 1 1 0 0 0 0 0 0 0 0 0 0 0 0 0 0 0 0 0 0 0 0 0 0 0 0 0 0 0 0 0 0 0 0 0 0 0 0 0 0 0 0 0 0 0 0 0 0 0 0 0 0 0 0 0 0 0 0 0 0 0 0 0 0 0 0 0 0 0 0 0 0 0 0 0 0 0 0 0 0 0 0 0 0 0 0 0 0 0 0 0 0 0 0 0 0 0 0 
Cost [$/u]
34.51 26.09 34.84 38.73 40.36 30.55 35.96 32.6 44.18 38.39 44.97 46.94 34.01 51.9 38.44 33.55 42.27 49.99 91.6 39.08 54 31.94 29.16 51.22 61.43 25.69 33.56 32.92 41.16 39.71 42.05 47.52 43.43 55.68 31.44 36.43 37.01 42.23 44.9 29.8 24.52 32.42 25.33 27.5 46.32 40.69 51.04 40.13 40.09 24.55 40.85 48.08 45.45 46.32 49.55 40.28 24.55 52.93 47.91 38.02 46.8 35.46 25.2 39.54 50.14 33.81 43.01 32.36 39.36 56.22 36.47 31.62 38.15 40.66 29.77 38 40.86 35.43 32.86 36.27 31.09 64.52 44.25 49.66 26.71 40.37 33.83 57.42 37.34 47.18 61.16 55.5 48.89 88.28 32.23 24.44 53.71 39.57 46.58 46.27 27.84 37.03 20.95 38.54 44.8 73.85 53.91 29.1 40.41 53.65 28.89 54.06 34.38 39.24 35.33 28.16 33 38.13 42.41 25.65 49.62 44.12 36.16 49.07 39.56 32.89 38.05 48.35 26.2 41.82 47.21 38.36 53.59 46.13 61.79 43.39 43.17 24.27 28.98 47.76 35.55 48.43 46.33 46.09 24.73 39.49 48.9 38.54 48.83 27.83 31.57 49.53 35.81 29.28 31.08 28.28 41.91 45.52 31.21 56.43 33.21 57.65 34.39 31.35 40.48 53.68 40.2 22.5 34.88 37.33 37.2 34 81.22 35.34 36.88 23.75 39.03 40.34 36.97 42.09 26.46 38.01 28.5 40.05 24.8 33.59 37.29 34.39 43.19 30.37 47.85 35.14 38.81 43.56 43.21 48.97 42.47 41.4 39.86 47.39 
Units[u]
2200 260 400 290 130 1300 300 120 250 210 400 120 290 190 180 1400 800 170 200 180 240 2200 180 300 100 2400 140 160 300 400 140 110 270 230 1200 300 260 170 120 2000 140 280 600 250 600 190 120 200 600 2700 1700 250 300 130 170 190 210 700 210 200 180 150 700 150 180 300 130 1200 120 100 120 150 190 150 1200 150 300 300 400 150 800 230 110 150 180 400 130 120 1200 110 220 230 110 24 300 200 1000 170 130 110 190 600 500 300 160 130 190 180 170 300 270 160 180 150 400 180 1100 400 180 190 190 400 500 210 900 800 160 120 500 190 130 250 110 200 1700 400 100 1000 1600 180 220 110 110 200 210 110 210 260 110 290 500 110 140 180 190 170 130 110 110 130 130 180 190 700 140 120 1400 1800 160 600 240 290 800 800 170 600 180 110 600 130 300 160 300 130 600 160 500 120 100 400 150 300 500 110 300 110 130 180 100 120 
InsertedVariable
16.7746 19.8673 14.2137 37.5611 31.7143 49.7162 12.6846 80.0589 41.4137 52.7678 32.4579 79.6847 61.2897 37.6168 47.8161 63.3221 67.2032 67.6353 97.7195 62.8966 64.0613 21.3619 10.6263 53.8147 15.8147 12.5273 30.5314 77.3415 6.17657 50.6704 11.132 63.7301 34.2309 56.2694 32.8649 -11.8668 75.7725 -4.66034 72.1167 25.4483 -4.90912 -6.79883 59.2179 9.80503 35.8615 -10.6543 79.9137 68.6474 35.0791 4.23483 29.5124 10.7097 36.5286 64.9845 31.32 0.71699 46.9213 91.0703 23.648 20.8702 48.6629 24.7204 43.725 32.6186 26.8876 18.6259 72.1689 38.2214 62.4012 18.2508 49.9794 52.6357 -2.79125 18.7558 24.7806 13.0005 51.3843 37.5979 30.6124 -0.12056 10.1165 82.4387 64.2825 57.0206 10.8405 1.62731 31.4556 62.2037 12.0912 24.6102 30.2787 54.1929 51.1773 72.218 40.3493 45.5365 11.9351 19.6039 43.5561 46.6871 51.378 91.2182 46.3513 36.4031 65.4366 16.1823 57.3835 32.5657 47.2842 69.0864 5.84753 39.3428 71.1855 51.8754 17.9797 -4.14632 39.1288 90.1276 85.2914 20.4922 79.008 12.5606 1.9406 24.2472 70.1908 60.8989 23.402 54.9322 39.4284 59.9808 15.2511 48.083 79.2193 62.9327 57.3625 57.9488 54.7701 14.3886 42.7266 5.17726 15.5583 7.09997 42.5855 43.5626 32.4606 86.5522 56.6275 60.7199 55.8828 -7.36418 9.3911 33.6085 41.2802 74.298 21.9752 44.1617 -35.7598 35.6546 14.6454 10.3306 61.4281 49.2613 67.7381 -26.3939 45.8092 61.5186 26.203 10.7126 50.1036 66.5954 55.9899 -20.6478 84.3402 79.3494 28.2587 16.9367 20.2024 63.24 25.5077 58.0042 31.3409 19.2019 5.68565 34.8873 -33.248 27.8144 40.0181 45.4057 68.0436 31.9977 50.3142 66.4998 97.3955 69.0405 58.0009 76.838 96.4943 11.3287 70.845 54.4 
Precision
0.5 0.1 0.1 0.1 1 1 0.1 1 0.5 1 0.5 0.1 0.5 0.1 0.1 0.5 0.5 0.1 0.5 1 0.5 0.1 0.5 0.5 0.5 0.1 0.5 0.1 0.5 0.1 0.5 0.5 0.5 1 0.1 0.5 1 0.5 1 0.1 0.5 1 1 0.1 0.5 0.1 0.1 0.1 0.1 0.1 0.1 0.1 0.5 0.5 0.1 0.1 0.5 0.1 0.1 0.5 0.1 0.5 0.1 0.1 0.1 0.5 0.5 1 0.5 0.5 1 0.5 0.1 0.5 1 0.5 0.5 0.5 0.5 0.5 0.1 0.1 1 0.1 0.5 0.1 0.5 1 0.5 0.1 0.5 0.1 0.5 1 0.5 0.1 1 0.1 1 0.5 0.5 0.5 0.5 0.5 0.5 0.1 0.5 0.5 0.5 0.1 0.1 0.5 0.5 0.5 0.1 1 1 1 0.1 0.5 0.5 0.1 0.5 0.5 0.1 0.5 0.5 0.5 0.1 0.1 0.1 0.1 0.1 0.1 1 0.5 0.5 0.5 0.1 0.5 0.5 0.1 0.1 0.1 0.5 0.1 1 0.5 0.5 0.5 0.5 0.1 1 0.1 0.1 0.5 0.1 0.1 0.5 0.5 0.5 0.5 0.5 0.5 1 0.5 1 1 0.1 0.1 1 0.1 0.1 0.5 0.5 0.5 0.5 0.1 0.5 0.5 0.5 0.1 1 0.1 1 0.5 0.5 0.5 0.5 0.5 0.1 0.5 0.1 0.5 0.1 0.1 0.5 0.1 0.1 1 
Weight [kg]
0.41 0.255 0.44 0.23 0.37 0.285 0.215 0.39 0.275 0.32 0.29 0.45 0.325 0.55 0.48 0.39 0.325 0.255 0.325 0.395 0.42 0.43 0.41 0.325 0.265 0.4 0.375 0.42 0.33 0.33 0.36 0.375 0.4 0.41 0.38 0.43 0.49 0.45 0.365 0.335 0.375 0.33 0.245 0.47 0.305 0.35 0.36 0.385 0.295 0.325 0.32 0.385 0.345 0.46 0.31 0.315 0.37 0.345 0.49 0.365 0.395 0.47 0.37 0.42 0.49 0.27 0.35 0.295 0.41 0.33 0.37 0.44 0.43 0.44 0.355 0.29 0.3 0.45 0.335 0.35 0.48 0.29 0.375 0.38 0.315 0.325 0.53 0.325 0.4 0.47 0.36 0.5 0.345 0.43 0.35 0.47 0.33 0.345 0.46 0.3 0.38 0.41 0.375 0.365 0.46 0.5 0.41 0.47 0.47 0.335 0.23 0.45 0.3 0.47 0.34 0.335 0.46 0.355 0.29 0.36 0.42 0.295 0.335 0.44 0.48 0.24 0.34 0.31 0.4 0.335 0.46 0.4 0.48 0.365 0.37 0.44 0.365 0.43 0.36 0.42 0.39 0.42 0.325 0.27 0.36 0.34 0.325 0.365 0.5 0.42 0.32 0.335 0.265 0.33 0.33 0.33 0.41 0.395 0.43 0.51 0.395 0.26 0.55 0.345 0.41 0.36 0.52 0.5 0.325 0.28 0.32 0.37 0.305 0.41 0.43 0.4 0.3 0.265 0.45 0.32 0.56 0.62 0.29 0.33 0.48 0.33 0.49 0.33 0.295 0.43 0.53 0.395 0.45 0.375 0.215 0.4 0.41 0.395 0.32 0.41 
Drilling Ops
6 13 11 13 7 7 10 5 8 18 11 12 16 10 6 7 6 15 12 14 15 7 14 12 10 5 14 13 13 14 16 16 6 16 6 6 8 17 16 11 13 6 16 8 14 8 9 11 9 8 13 9 12 12 12 8 12 12 17 8 15 7 13 6 7 13 10 11 7 17 16 8 14 13 11 9 6 16 11 8 10 13 8 8 8 11 11 12 11 9 9 12 8 10 7 10 8 9 12 13 7 5 5 11 8 10 14 10 10 14 11 15 19 8 12 12 9 9 9 12 10 10 9 11 15 7 9 13 6 11 17 15 14 6 19 13 15 10 10 10 12 7 8 13 12 7 10 6 14 6 8 10 8 8 13 5 10 9 10 13 8 12 7 8 13 13 12 12 6 11 7 8 10 12 7 14 10 7 12 8 7 11 9 5 5 11 12 7 14 7 12 10 11 13 21 14 6 17 8 18 
Milling Ops
11 6 10 10 5 6 9 7 5 19 9 12 14 8 10 7 9 13 11 14 17 5 15 14 14 5 17 12 14 11 18 18 10 20 9 10 8 16 15 14 11 9 9 7 10 9 12 9 7 9 12 12 15 8 13 7 14 12 19 11 13 8 14 7 7 16 12 10 5 17 18 10 16 17 9 7 8 15 9 11 10 10 4 9 9 13 12 9 7 10 12 15 10 10 11 14 7 8 14 9 10 8 6 13 9 9 12 11 11 14 5 16 18 7 15 12 9 10 6 11 12 10 11 11 16 5 9 15 7 8 20 14 15 9 21 13 22 11 12 17 11 7 9 8 14 5 13 7 18 8 11 6 6 9 12 6 10 9 11 10 5 13 8 10 12 9 12 12 7 10 5 10 6 14 12 14 14 5 13 8 6 13 7 1 6 13 11 10 9 5 13 15 10 9 18 12 7 19 12 17 
Detail[DETAIL]
1 1 1 1 0 0 1 0 0 0 0 1 0 1 1 0 0 1 0 0 0 1 1 1 1 1 0 1 0 1 0 0 0 0 1 0 0 0 0 1 0 0 0 1 0 1 1 1 1 1 1 1 1 0 1 1 0 1 1 0 1 1 1 1 1 0 1 0 1 0 0 0 1 0 0 0 1 0 0 1 1 1 0 1 0 1 0 0 0 1 0 1 1 0 1 1 0 1 0 1 1 1 0 1 0 1 0 0 1 1 1 0 1 1 1 0 0 0 1 0 1 1 0 0 1 0 1 0 1 1 1 1 1 1 0 0 1 0 1 0 0 1 1 1 0 1 0 1 0 1 0 1 0 1 1 0 1 1 0 0 0 0 0 1 0 1 0 0 1 1 0 1 1 0 0 0 0 1 0 0 1 1 0 1 0 0 1 0 0 1 1 1 1 0 1 1 0 1 1 0 
Detail[NONE]
0 0 0 0 1 1 0 1 1 1 1 0 1 0 0 1 1 0 1 1 1 0 0 0 0 0 1 0 1 0 1 1 1 1 0 1 1 1 1 0 1 1 1 0 1 0 0 0 0 0 0 0 0 1 0 0 1 0 0 1 0 0 0 0 0 1 0 1 0 1 1 1 0 1 1 1 0 1 1 0 0 0 1 0 1 0 1 1 1 0 1 0 0 1 0 0 1 0 1 0 0 0 1 0 1 0 1 1 0 0 0 1 0 0 0 1 1 1 0 1 0 0 1 1 0 1 0 1 0 0 0 0 0 0 1 1 0 1 0 1 1 0 0 0 1 0 1 0 1 0 1 0 1 0 0 1 0 0 1 1 1 1 1 0 1 0 1 1 0 0 1 0 0 1 1 1 1 0 1 1 0 0 1 0 1 1 0 1 1 0 0 0 0 1 0 0 1 0 0 1 
Rush[NONE]
1 1 1 1 0 0 1 0 0 0 0 1 0 1 1 0 0 0 0 0 0 1 1 1 1 0 0 1 0 1 0 0 0 0 1 0 0 0 0 1 0 0 0 1 0 1 1 1 1 1 1 1 1 0 1 1 0 1 1 0 1 1 1 1 1 0 1 0 1 0 1 0 1 0 0 0 1 1 0 1 1 1 0 1 0 1 0 0 0 1 0 1 1 0 1 1 1 1 0 1 0 1 0 1 0 1 1 0 1 1 1 0 1 1 1 0 0 0 0 0 1 1 0 0 0 0 1 0 1 1 1 1 1 1 0 0 0 0 1 0 0 1 1 1 0 1 0 1 0 1 0 1 0 0 1 0 1 0 0 0 0 0 0 1 0 1 0 0 1 1 0 1 1 0 0 0 0 1 0 0 1 1 0 0 0 0 1 1 0 1 1 1 1 0 1 1 0 1 1 0 
Rush[RUSH]
0 0 0 0 1 1 0 1 1 1 1 0 1 0 0 1 1 1 1 1 1 0 0 0 0 1 1 0 1 0 1 1 1 1 0 1 1 1 1 0 1 1 1 0 1 0 0 0 0 0 0 0 0 1 0 0 1 0 0 1 0 0 0 0 0 1 0 1 0 1 0 1 0 1 1 1 0 0 1 0 0 0 1 0 1 0 1 1 1 0 1 0 0 1 0 0 0 0 1 0 1 0 1 0 1 0 0 1 0 0 0 1 0 0 0 1 1 1 1 1 0 0 1 1 1 1 0 1 0 0 0 0 0 0 1 1 1 1 0 1 1 0 0 0 1 0 1 0 1 0 1 0 1 1 0 1 0 1 1 1 1 1 1 0 1 0 1 1 0 0 1 0 0 1 1 1 1 0 1 1 0 0 1 1 1 1 0 0 1 0 0 0 0 1 0 0 1 0 0 1 
Material Cost [$/u]
2.241216 2.2244 2.353568 2.79654 3.7532 3.015245 2.405248 1.350278 2.484549 2.35873 2.723553 2.094015 3.805637 1.8193 1.556652 1.443596 1.576124 3.89759 1.7848 3.567564 3.529827 1.13778 3.0726 2.106489 3.444576 1.042625 2.554152 2.324916 0.977132 1.464238 2.092356 2.42256 2.258638 4.23592 1.321608 3.647967 1.202366 2.305264 2.306335 1.566075 1.982331 1.326424 1.978132 1.805585 4.063872 1.238886 2.138752 1.326268 3.113295 1.09208 6.560406 1.782406 2.088528 1.399554 6.60582 3.791715 2.764456 1.824724 1.921983 1.4796 1.74669 1.56506 1.397792 1.156752 0.886473 3.939006 1.582617 2.667249 0.902328 6.06373 2.015369 1.27882 3.784562 3.28024 1.046976 2.140803 1.739556 1.898815 2.138906 1.123998 2.242137 5.149586 1.024882 2.073786 1.4304 1.279998 2.529375 4.3757 6.593076 3.006366 4.176975 3.601469 1.632712 1.968616 1.06104 2.482172 5.76936 1.15082 1.583934 2.98989 1.415414 1.624056 1.144052 2.35042 1.257546 2.085852 0.915306 2.470844 2.41857 2.371071 2.239936 1.607571 3.06456 1.841216 2.597991 2.2048 2.256852 1.432728 2.207875 1.620738 1.7974 4.502484 1.59681 1.98076 4.751344 2.032248 1.531488 1.208917 1.107249 3.584881 1.931105 2.06795 1.857015 1.52007 7.516704 3.04971 4.143137 2.288815 2.72624 1.43547 3.376101 2.616747 1.730625 2.683835 2.216043 0.9641 1.817436 0.966427 4.019176 1.245165 2.145032 1.358447 2.617596 1.186294 1.231048 0.890043 1.75168 0.71596 1.821815 2.449887 0.854744 4.206956 1.74342 1.397697 4.47678 3.281226 2.980699 3.31716 1.215309 3.338576 1.399768 2.17051 1.10507 1.52536 2.659335 2.27724 1.897313 1.778202 1.985124 2.54694 1.9953 3.037526 1.776192 1.521795 1.366872 1.2168 1.435434 1.63269 3.913779 1.04193 3.42333 2.494492 2.762331 3.203334 2.86565 1.920568 1.28331 3.24632 3.164976 2.343585 
Labor Hours [$/u]
0.267 0.5 0.367 0.417 0.383 0.167 0.367 0.383 0.333 0.483 0.267 0.75 0.4 0.417 0.417 0.133 0.183 0.583 0.367 0.55 0.5 0.217 0.5 0.383 0.6 0.283 0.55 0.5 0.417 0.4 0.533 0.533 0.25 0.55 0.283 0.283 0.3 0.5 0.533 0.383 0.55 0.217 0.333 0.35 0.35 0.417 0.5 0.517 0.317 0.25 0.317 0.367 0.433 0.467 0.483 0.417 0.45 0.483 0.55 0.283 0.65 0.45 0.367 0.417 0.5 0.333 0.5 0.3 0.55 0.617 0.533 0.35 0.567 0.467 0.283 0.35 0.283 0.383 0.35 0.433 0.3 0.45 0.433 0.517 0.383 0.383 0.417 0.567 0.267 0.6 0.417 0.433 0.5 1.533 0.3 0.483 0.283 0.467 0.45 0.567 0.383 0.3 0.167 0.383 0.333 0.5 0.4 0.35 0.45 0.583 0.433 0.483 0.567 0.5 0.383 0.417 0.233 0.233 0.433 0.383 0.483 0.35 0.233 0.6 0.383 0.167 0.433 0.7 0.3 0.45 0.6 0.517 0.633 0.35 0.367 0.317 0.65 0.2 0.3 0.35 0.367 0.533 0.517 0.533 0.367 0.483 0.55 0.383 0.517 0.3 0.2 0.55 0.483 0.45 0.467 0.267 0.517 0.55 0.583 0.617 0.433 0.367 0.383 0.267 0.583 0.583 0.217 0.267 0.383 0.317 0.25 0.367 0.4 0.333 0.317 0.333 0.417 0.467 0.467 0.4 0.317 0.467 0.267 0.4 0.167 0.483 0.4 0.45 0.55 0.3 0.517 0.367 0.333 0.5 0.533 0.583 0.367 0.55 0.533 0.567 
Machine Hours
0.033 0.017 0.033 0.033 0.017 0.017 0.017 0.017 0.017 0.067 0.033 0.033 0.017 0.033 0.033 0.017 0.033 0.017 0.017 0.017 0.05 0.017 0.05 0.05 0.05 0.017 0.05 0.033 0.017 0.017 0.033 0.033 0.033 0.067 0.017 0.033 0.017 0.05 0.05 0.05 0.033 0.033 0.033 0.017 0.017 0.017 0.033 0.017 0.017 0.017 0.017 0.033 0.05 0.017 0.05 0.017 0.017 0.033 0.067 0.017 0.05 0.033 0.05 0.017 0.017 0.05 0.033 0.017 0.017 0.05 0.067 0.033 0.05 0.033 0.033 0.017 0.017 0.033 0.033 0.017 0.033 0.033 0.017 0.017 0.033 0.05 0.033 0.017 0.033 0.033 0.033 0.05 0.017 0.033 0.017 0.05 0.017 0.033 0.05 0.017 0.017 0.033 0.017 0.017 0.017 0.033 0.033 0.033 0.017 0.05 0.017 0.05 0.067 0.017 0.05 0.033 0.017 0.017 0.017 0.017 0.033 0.033 0.017 0.033 0.05 0.017 0.033 0.05 0.017 0.033 0.033 0.017 0.05 0.017 0.067 0.05 0.033 0.033 0.033 0.033 0.033 0.017 0.033 0.033 0.05 0.017 0.05 0.017 0.033 0.033 0.033 0.017 0.017 0.017 0.017 0.017 0.017 0.017 0.033 0.033 0.017 0.017 0.033 0.033 0.017 0.033 0.033 0.033 0.017 0.017 0.017 0.017 0.017 0.05 0.033 0.017 0.05 0.017 0.05 0.033 0.017 0.05 0.017 0 0.017 0.05 0.017 0.017 0.033 0.017 0.05 0.017 0.017 0.017 0.067 0.017 0.017 0.067 0.033 0.05 
Cost/Kg
0.96 4.15 1.33 3.67 5.5 4.85 4.37 1.42 5.31 1.1 3.57 0.77 4.33 1.15 0.73 1.09 1.13 5.05 0.97 1.26 1.29 0.86 1 1.21 4.24 0.95 0.93 1.08 0.52 0.74 0.76 0.96 1.18 1.04 1.06 1.49 0.62 1.04 1.01 0.75 1.17 0.88 3.49 1.09 4.56 0.99 1.24 0.82 4.35 0.88 5.58 1.07 1.04 0.78 5.85 5.65 1.24 1.13 0.57 0.9 0.79 0.98 0.76 0.87 0.63 3.98 0.87 4.47 0.82 5.3 0.79 0.86 1.34 1.31 0.76 3.29 1.77 0.85 1.54 0.62 0.93 6.89 0.94 1.43 1.2 1.02 1.25 5.32 6.84 1.21 4.15 1.09 1.27 1.04 0.6 0.77 7.2 1.1 0.66 4.78 0.98 0.98 0.91 1.24 0.62 1.01 0.62 1.07 1.1 1.11 4.96 0.63 1.13 1.04 1.21 1.06 1.38 0.88 4.25 1.14 0.76 4.76 1.01 1.15 1.06 4.08 0.86 0.71 0.87 5.03 0.55 1.18 0.87 1.15 4.56 1.77 1.31 1.13 1.76 0.59 3.39 1.47 1.25 3.85 1.13 1 1.18 0.77 0.98 0.85 1.46 1.39 4.86 0.74 0.91 0.77 1.12 0.56 0.95 1.21 0.88 4.42 0.84 0.93 4.18 4.03 1.07 1.2 1.29 4.96 1.52 1.15 1.18 0.8 0.95 1.05 1.37 4.43 0.74 1.7 1 0.82 3.19 4.01 1.04 0.96 0.66 1.35 5.19 1.02 0.93 0.98 1.41 2.74 3.7 1.04 0.9 1.24 1.44 0.69 
Lost [kg]
1.9246 0.281 1.3296 0.532 0.3124 0.3367 0.3354 0.5609 0.1929 1.8243 0.4729 2.2695 0.5539 1.032 1.6524 0.9344 1.0698 0.5168 1.515 2.4364 2.3163 0.893 2.6626 1.4159 0.5474 0.6975 2.3714 1.7327 1.5491 1.6487 2.3931 2.1485 1.5141 3.663 0.8668 2.0183 1.4493 1.7666 1.9185 1.7531 1.3193 1.1773 0.3218 1.1865 0.5862 0.9014 1.3648 1.2324 0.4207 0.916 0.8557 1.2808 1.6632 1.3343 0.8192 0.3561 1.8594 1.2698 2.8819 1.279 1.816 1.127 1.4692 0.9096 0.9171 0.7197 1.4691 0.3017 0.6904 0.8141 2.1811 1.047 2.3943 2.064 1.0226 0.3607 0.6828 1.7839 1.0539 1.4629 1.9309 0.4574 0.7153 1.0702 0.877 0.9299 1.4935 0.4975 0.5639 2.0146 0.6465 2.8041 0.9406 1.4629 1.4184 2.7536 0.4713 0.7012 1.9399 0.3255 1.0643 1.2472 0.8822 1.5305 1.5683 1.5652 1.0663 1.8392 1.7287 1.8011 0.2216 2.1017 2.412 1.3004 1.8071 1.745 1.1754 1.2731 0.2295 1.0617 1.945 0.6509 1.246 1.2824 4.0024 0.2581 1.4408 1.3927 0.8727 0.3777 3.0511 1.3525 1.6545 0.9568 1.2784 1.283 2.7977 1.5955 1.189 2.013 0.6059 1.3601 1.0595 0.4271 1.6011 0.6241 1.2152 0.8901 3.6012 1.0449 1.1492 0.6423 0.2736 1.2731 1.0228 0.8259 1.154 0.8835 1.4877 1.5147 0.5763 0.6918 1.5255 1.1579 0.661 0.4542 2.2657 2.2643 0.6171 0.3931 0.6009 1.5174 0.6315 1.4967 2.3693 1.7688 1.0849 0.1364 2.2326 1.1782 1.4353 3.0843 0.2668 0.0495 0.8343 0.9375 1.6849 0.8794 0.4591 0.5915 3.151 2.1504 1.5091 0.7941 0.5595 1.4467 1.0159 2.223 1.8779 2.9865 
Brkdown/units
0.00772727 0.01153846 0.01 0.01034483 0 0.01461538 0 0 0.02 0.03333333 0.0075 0 0 0.00526316 0.00555556 0 0.00625 0.00588235 0 0.00555556 0.02916667 0.00772727 0.00555556 0.03 0.01 0.00416667 0 0.00625 0 0.0025 0.00714286 0 0.00740741 0.02173913 0 0.01666667 0 0 0.00833333 0.0075 0 0.02142857 0.00333333 0.004 0 0.00526316 0 0 0 0 0.00176471 0.036 0.02333333 0 0.00588235 0 0 0.01142857 0.0047619 0 0 0 0.00857143 0 0.00555556 0.00666667 0.01538462 0.00083333 0 0.01 0 0.01333333 0 0 0.01 0.00666667 0 0 0.015 0 0.01 0.02173913 0 0.00666667 0.00555556 0.01 0 0 0.0125 0.01818182 0.03181818 0.02173913 0 0 0 0.005 0.004 0 0.02307692 0.00909091 0 0.00833333 0 0 0.00625 0 0.00526316 0 0 0.01 0 0.0125 0 0 0.0175 0 0 0 0.00555556 0 0 0.0075 0.004 0.03809524 0.00222222 0.00875 0 0 0.014 0.01052632 0 0 0.01818182 0.01 0.00823529 0.0125 0 0.008 0.01 0 0.02727273 0 0 0.005 0.01904762 0.00909091 0.01428571 0.02307692 0 0.01034483 0.016 0.01818182 0 0 0 0 0 0 0 0 0.00769231 0 0.00526316 0.00571429 0 0 0.01642857 0.00833333 0 0 0.025 0 0.00875 0.00375 0.00588235 0 0 0 0.01166667 0.00769231 0.00333333 0.0125 0.02333333 0 0.00666667 0 0.002 0 0 0 0.00666667 0.01 0 0 0.01333333 0.00909091 0 0 0 0.00833333 
Manager[JEAN]
0 0 0 0 0 0 0 0 0 0 0 0 0 0 0 1 0 0 0 1 0 0 0 0 0 0 0 0 0 1 1 1 0 0 0 0 1 0 0 0 0 0 0 0 0 1 0 0 0 1 1 0 0 1 0 0 0 0 0 0 0 0 0 1 1 0 0 1 0 0 0 0 0 1 0 0 0 1 0 0 0 0 0 0 0 0 0 1 0 0 0 0 0 0 0 0 0 0 0 1 0 0 0 1 0 0 0 0 1 0 1 0 0 0 0 0 1 1 1 0 0 0 1 0 0 0 0 0 0 0 1 0 0 1 0 0 1 0 0 1 0 1 0 0 0 1 0 0 0 0 0 0 1 0 1 0 1 0 0 0 0 1 0 0 1 0 0 0 0 0 0 0 0 0 0 1 0 0 0 0 1 0 0 0 0 0 1 0 0 0 0 1 1 0 0 0 0 0 0 0 
Manager[LEE]
1 1 1 0 1 0 0 0 0 0 0 1 0 1 0 0 1 0 0 0 1 1 0 0 1 0 0 0 0 0 0 0 0 1 0 0 0 0 0 0 0 0 1 0 0 0 0 0 0 0 0 0 0 0 1 0 0 1 0 0 0 1 0 0 0 0 0 0 1 0 0 1 0 0 0 1 0 0 0 0 1 0 1 0 0 0 1 0 0 0 1 1 0 0 0 0 0 1 1 0 0 0 0 0 0 1 0 1 0 0 0 1 0 1 0 1 0 0 0 0 1 0 0 0 0 0 0 0 0 0 0 0 0 0 0 0 0 1 0 0 1 0 0 0 0 0 0 0 0 0 0 0 0 0 0 0 0 0 0 0 0 0 0 0 0 0 0 0 1 0 1 0 0 1 0 0 0 1 0 0 0 1 1 1 0 1 0 0 1 0 0 0 0 0 0 0 0 1 1 0 
Manager[PAT]
0 0 0 1 0 1 0 0 1 0 0 0 0 0 0 0 0 0 0 0 0 0 0 0 0 1 0 1 0 0 0 0 0 0 0 1 0 0 1 1 0 1 0 0 0 0 0 0 0 0 0 0 1 0 0 1 0 0 0 0 1 0 1 0 0 1 1 0 0 1 0 0 0 0 0 0 0 0 0 0 0 0 0 0 0 1 0 0 0 0 0 0 0 0 0 1 0 0 0 0 0 1 0 0 0 0 0 0 0 1 0 0 1 0 0 0 0 0 0 0 0 1 0 1 1 1 0 0 1 1 0 0 0 0 1 1 0 0 1 0 0 0 0 1 1 0 1 1 0 0 1 0 0 0 0 0 0 0 0 0 0 0 1 1 0 0 0 1 0 0 0 0 0 0 0 0 1 0 1 0 0 0 0 0 0 0 0 0 0 0 1 0 0 0 1 0 0 0 0 0 
Manager[RANDY]
0 0 0 0 0 0 0 1 0 1 1 0 0 0 1 0 0 0 0 0 0 0 1 1 0 0 1 0 0 0 0 0 1 0 0 0 0 1 0 0 1 0 0 0 0 0 1 0 0 0 0 1 0 0 0 0 0 0 1 0 0 0 0 0 0 0 0 0 0 0 1 0 1 0 1 0 0 0 1 0 0 1 0 0 1 0 0 0 1 1 0 0 0 1 0 0 1 0 0 0 0 0 0 0 0 0 1 0 0 0 0 0 0 0 1 0 0 0 0 0 0 0 0 0 0 0 1 1 0 0 0 0 1 0 0 0 0 0 0 0 0 0 1 0 0 0 0 0 0 1 0 1 0 0 0 1 0 0 1 1 1 0 0 0 0 1 1 0 0 0 0 0 1 0 1 0 0 0 0 1 0 0 0 0 1 0 0 0 0 0 0 0 0 0 0 0 1 0 0 1 
Manager[TERRY]
0 0 0 0 0 0 1 0 0 0 0 0 1 0 0 0 0 1 1 0 0 0 0 0 0 0 0 0 1 0 0 0 0 0 1 0 0 0 0 0 0 0 0 1 1 0 0 1 1 0 0 0 0 0 0 0 1 0 0 1 0 0 0 0 0 0 0 0 0 0 0 0 0 0 0 0 1 0 0 1 0 0 0 1 0 0 0 0 0 0 0 0 1 0 1 0 0 0 0 0 1 0 1 0 1 0 0 0 0 0 0 0 0 0 0 0 0 0 0 1 0 0 0 0 0 0 0 0 0 0 0 1 0 0 0 0 0 0 0 0 0 0 0 0 0 0 0 0 1 0 0 0 0 1 0 0 0 1 0 0 0 0 0 0 0 0 0 0 0 1 0 1 0 0 0 0 0 0 0 0 0 0 0 0 0 0 0 1 0 1 0 0 0 1 0 1 0 0 0 0 
Room_Temp
73 70 70 78 83.5 63 74 62 60.5 72.5 83.5 65.5 75 70 88.5 73.5 82.5 75 74.5 74 78.5 79.5 71 82.5 89 68.5 78 74 72.5 74.5 75.5 74.5 70 61 76 83 72.5 70.5 68 81 75.5 75 64.5 74.5 74.5 75 59.5 74.5 74 76.5 73 74.5 70 74.5 71.5 72 74.5 68.5 83 75.5 90.5 73.5 72.5 75.5 74 71 67 76 73 72 69.5 77.5 61.5 74.5 77.5 83 77 74.5 75.5 76.5 74 80.5 77 74.5 88 66.5 79 74.5 69 80.5 87 75 74.5 68.5 74.5 74.5 87.5 64 84.5 75 75 72.5 75.5 75 76 51 98 76 75 80.5 75.5 87.5 87 66 82 66.5 75.5 77 75 75.5 88 81.5 75 70.5 81.5 73.5 77.5 63 76 62 75.5 76 79 74 85 82 74.5 62.5 73.5 75 78 75 69 80.5 77 75 63.5 67 74.5 82.5 84 75.5 75.5 77 76 62.5 75 73 81.5 56.5 68.5 75.5 71.5 76 75 76 68.5 77.5 79 74.5 65.5 74.5 70 69.5 73.5 76.5 82.5 73.5 81.5 80.5 74.5 81.5 75.5 88.5 75 65.5 76.5 76 71 74 64 74 75 74 70.5 75.5 93 70 72 61.5 
Music[JAZZ]
0 0 0 0 0 0 0 0 0 0 0 0 0 0 0 0 0 0 0 0 0 0 0 0 0 0 0 0 0 0 1 0 0 0 0 0 1 0 0 0 0 0 0 0 0 0 0 0 0 0 0 0 0 0 0 0 0 0 0 1 0 0 0 0 1 0 0 0 0 0 0 0 0 1 0 0 0 0 0 1 0 0 0 0 0 0 0 0 0 0 0 0 0 0 0 0 0 0 0 0 1 0 0 0 0 0 0 0 0 0 0 0 0 0 0 0 0 0 0 1 0 0 0 0 0 0 0 0 0 0 0 0 0 0 0 0 0 0 0 1 0 0 0 0 0 0 0 0 1 0 0 0 1 0 0 0 0 0 0 0 0 0 0 0 0 0 0 0 0 0 0 0 0 0 0 0 0 0 0 0 0 0 0 0 0 0 0 0 0 0 0 1 0 0 0 0 0 0 0 0 
Music[NONE]
1 1 1 1 1 1 0 1 1 1 1 1 0 1 1 1 1 0 0 1 1 1 1 1 1 1 1 1 0 0 0 0 1 1 0 1 0 1 1 1 1 1 1 0 0 0 1 0 0 0 1 1 1 1 1 1 0 1 1 0 1 1 1 0 0 1 1 0 1 1 1 1 1 0 1 1 1 0 1 0 1 1 1 0 1 1 1 0 1 1 1 1 0 1 0 1 1 1 1 1 0 1 0 0 0 1 1 1 0 1 1 1 1 1 1 1 0 0 0 0 1 1 0 1 1 1 1 1 1 1 0 0 1 0 1 1 0 1 1 0 1 0 1 1 1 0 1 1 0 1 1 1 0 0 0 1 0 0 1 1 1 0 1 1 0 1 1 1 1 0 1 0 1 1 1 0 1 1 1 1 0 1 1 1 1 1 0 0 1 1 1 0 0 0 1 0 1 1 1 1 
Music[POP]
0 0 0 0 0 0 0 0 0 0 0 0 0 0 0 0 0 0 1 0 0 0 0 0 0 0 0 0 0 1 0 0 0 0 1 0 0 0 0 0 0 0 0 1 0 1 0 1 1 1 0 0 0 0 0 0 0 0 0 0 0 0 0 0 0 0 0 1 0 0 0 0 0 0 0 0 0 1 0 0 0 0 0 0 0 0 0 0 0 0 0 0 1 0 1 0 0 0 0 0 0 0 0 1 0 0 0 0 0 0 0 0 0 0 0 0 0 1 0 0 0 0 1 0 0 0 0 0 0 0 0 0 0 0 0 0 1 0 0 0 0 0 0 0 0 0 0 0 0 0 0 0 0 1 0 0 0 1 0 0 0 1 0 0 0 0 0 0 0 0 0 0 0 0 0 1 0 0 0 0 0 0 0 0 0 0 0 0 0 0 0 0 0 1 0 1 0 0 0 0 
Music[ROCK]
0 0 0 0 0 0 1 0 0 0 0 0 1 0 0 0 0 1 0 0 0 0 0 0 0 0 0 0 1 0 0 1 0 0 0 0 0 0 0 0 0 0 0 0 1 0 0 0 0 0 0 0 0 0 0 0 1 0 0 0 0 0 0 1 0 0 0 0 0 0 0 0 0 0 0 0 0 0 0 0 0 0 0 1 0 0 0 1 0 0 0 0 0 0 0 0 0 0 0 0 0 0 1 0 1 0 0 0 1 0 0 0 0 0 0 0 1 0 1 0 0 0 0 0 0 0 0 0 0 0 1 1 0 1 0 0 0 0 0 0 0 1 0 0 0 1 0 0 0 0 0 0 0 0 1 0 1 0 0 0 0 0 0 0 1 0 0 0 0 1 0 1 0 0 0 0 0 0 0 0 1 0 0 0 0 0 1 1 0 0 0 0 1 0 0 0 0 0 0 0 
Shift[DAY]
1 1 1 1 0 0 1 1 1 1 1 1 1 1 1 0 0 1 1 1 0 1 1 1 1 1 1 1 1 1 1 0 1 0 1 1 0 1 0 1 1 0 0 1 1 1 1 1 1 1 1 1 1 1 1 1 1 1 1 1 1 1 1 1 1 1 1 0 1 1 1 0 1 0 1 1 1 1 1 1 1 1 1 1 1 1 0 0 1 1 1 1 1 1 1 1 1 1 0 1 1 1 1 1 1 1 1 0 1 1 1 0 1 1 1 0 0 0 1 1 1 1 1 0 0 1 1 1 1 1 1 1 1 1 1 0 1 0 1 0 1 1 1 1 1 1 0 1 1 1 0 1 0 1 1 1 1 1 1 1 1 0 1 1 0 1 1 0 1 1 1 1 1 1 1 0 1 1 0 1 1 1 0 0 1 0 1 1 0 1 1 1 1 1 1 1 1 1 1 1 
Shift[NIGHT]
0 0 0 0 1 1 0 0 0 0 0 0 0 0 0 1 1 0 0 0 1 0 0 0 0 0 0 0 0 0 0 1 0 1 0 0 1 0 1 0 0 1 1 0 0 0 0 0 0 0 0 0 0 0 0 0 0 0 0 0 0 0 0 0 0 0 0 1 0 0 0 1 0 1 0 0 0 0 0 0 0 0 0 0 0 0 1 1 0 0 0 0 0 0 0 0 0 0 1 0 0 0 0 0 0 0 0 1 0 0 0 1 0 0 0 1 1 1 0 0 0 0 0 1 1 0 0 0 0 0 0 0 0 0 0 1 0 1 0 1 0 0 0 0 0 0 1 0 0 0 1 0 1 0 0 0 0 0 0 0 0 1 0 0 1 0 0 1 0 0 0 0 0 0 0 1 0 0 1 0 0 0 1 1 0 1 0 0 1 0 0 0 0 0 0 0 0 0 0 0 
Plant[NEW]
0 0 0 0 0 0 1 0 0 0 0 0 1 0 0 1 0 1 1 1 0 0 0 0 0 0 0 0 1 1 1 1 0 0 1 0 1 0 0 0 0 0 0 1 1 1 0 1 1 1 1 0 0 1 0 0 1 0 0 1 0 0 0 1 1 0 0 1 0 0 0 0 0 1 0 0 1 1 0 1 0 0 0 1 0 0 0 1 0 0 0 0 1 0 1 0 0 0 0 1 1 0 1 1 1 0 0 0 1 0 1 0 0 0 0 0 1 1 1 1 0 0 1 0 0 0 0 0 0 0 1 1 0 1 0 0 1 0 0 1 0 1 0 0 0 1 0 0 1 0 0 0 1 1 1 0 1 1 0 0 0 1 0 0 1 0 0 0 0 1 0 1 0 0 0 1 0 0 0 0 1 0 0 0 0 0 1 1 0 1 0 1 1 1 0 1 0 0 0 0 
Plant[OLD]
1 1 1 1 1 1 0 1 1 1 1 1 0 1 1 0 1 0 0 0 1 1 1 1 1 1 1 1 0 0 0 0 1 1 0 1 0 1 1 1 1 1 1 0 0 0 1 0 0 0 0 1 1 0 1 1 0 1 1 0 1 1 1 0 0 1 1 0 1 1 1 1 1 0 1 1 0 0 1 0 1 1 1 0 1 1 1 0 1 1 1 1 0 1 0 1 1 1 1 0 0 1 0 0 0 1 1 1 0 1 0 1 1 1 1 1 0 0 0 0 1 1 0 1 1 1 1 1 1 1 0 0 1 0 1 1 0 1 1 0 1 0 1 1 1 0 1 1 0 1 1 1 0 0 0 1 0 0 1 1 1 0 1 1 0 1 1 1 1 0 1 0 1 1 1 0 1 1 1 1 0 1 1 1 1 1 0 0 1 0 1 0 0 0 1 0 1 1 1 1 
Break_Down
17 3 4 3 0 19 0 0 5 7 3 0 0 1 1 0 5 1 0 1 7 17 1 9 1 10 0 1 0 1 1 0 2 5 0 5 0 0 1 15 0 6 2 1 0 1 0 0 0 0 3 9 7 0 1 0 0 8 1 0 0 0 6 0 1 2 2 1 0 1 0 2 0 0 12 1 0 0 6 0 8 5 0 1 1 4 0 0 15 2 7 5 0 0 0 1 4 0 3 1 0 5 0 0 1 0 1 0 0 3 0 2 0 0 7 0 0 0 1 0 0 3 2 8 2 7 0 0 7 2 0 0 2 2 14 5 0 8 16 0 6 0 0 1 4 1 3 6 0 3 8 2 0 0 0 0 0 0 0 0 1 0 1 4 0 0 23 15 0 0 6 0 7 3 1 0 0 0 7 1 1 2 7 0 4 0 1 0 0 0 1 3 0 0 4 1 0 0 0 1 
Rework
0.864 0.769 0.75 1.034 0.769 0.615 0.333 0.833 0.4 1.429 0.75 0.833 0.345 1.053 0.556 0.357 0.5 0.588 0 0.556 1.25 0.5 1.111 1 1 0.625 1.429 1.25 0.333 0.5 0.714 0 0.37 1.304 0.167 0.667 0.385 1.176 1.667 1.1 0.714 0.714 1 0.4 0.5 0.526 0.833 0.5 0.5 0.444 0.588 0.8 1 0 1.176 1.053 0.476 0.857 1.429 0 1.111 0.667 1.286 0 0.556 1 0.769 0.333 0.833 1 0.833 0.667 1.053 0.667 0.833 0.667 0.333 0.333 0.75 0 1 0.87 0.909 0.667 0.556 1 0.769 0.833 0.75 0.909 0.909 1.304 0 0 0.333 1 0.6 1.176 0.769 0 0.526 0.833 0.2 0.333 0.625 0.769 1.053 1.111 0.588 1.333 0.37 1.25 1.667 0.667 1.25 1.111 0.182 0.25 0.556 0.526 1.053 1 0.2 0.952 1.222 0.5 0.625 0.833 0.8 1.053 0 0.8 0.909 0 1.588 1.25 1 1 1.063 0.556 0.909 0 0.909 1 0.952 0.909 0.952 0.769 0 0.69 0.6 0.909 0 0.556 0.526 0.588 0 0 0.909 0.769 0.769 0.556 0.526 0.857 0 0.833 0.857 1 0.625 0.5 0.417 0.345 0.625 0.875 1.176 0.5 1.111 0.909 0.833 0.769 0.333 1.25 0.667 0 0.5 1.25 0.4 0 1 0.25 1.333 0.333 0.4 0 1.667 0 0.769 1.667 1 1.667 
one/units[1/u]
0.00045455 0.00384615 0.0025 0.00344828 0.00769231 0.00076923 0.00333333 0.00833333 0.004 0.0047619 0.0025 0.00833333 0.00344828 0.00526316 0.00555556 0.00071429 0.00125 0.00588235 0.005 0.00555556 0.00416667 0.00045455 0.00555556 0.00333333 0.01 0.00041667 0.00714286 0.00625 0.00333333 0.0025 0.00714286 0.00909091 0.0037037 0.00434783 0.00083333 0.00333333 0.00384615 0.00588235 0.00833333 0.0005 0.00714286 0.00357143 0.00166667 0.004 0.00166667 0.00526316 0.00833333 0.005 0.00166667 0.00037037 0.00058824 0.004 0.00333333 0.00769231 0.00588235 0.00526316 0.0047619 0.00142857 0.0047619 0.005 0.00555556 0.00666667 0.00142857 0.00666667 0.00555556 0.00333333 0.00769231 0.00083333 0.00833333 0.01 0.00833333 0.00666667 0.00526316 0.00666667 0.00083333 0.00666667 0.00333333 0.00333333 0.0025 0.00666667 0.00125 0.00434783 0.00909091 0.00666667 0.00555556 0.0025 0.00769231 0.00833333 0.00083333 0.00909091 0.00454545 0.00434783 0.00909091 0.04166667 0.00333333 0.005 0.001 0.00588235 0.00769231 0.00909091 0.00526316 0.00166667 0.002 0.00333333 0.00625 0.00769231 0.00526316 0.00555556 0.00588235 0.00333333 0.0037037 0.00625 0.00555556 0.00666667 0.0025 0.00555556 0.00090909 0.0025 0.00555556 0.00526316 0.00526316 0.0025 0.002 0.0047619 0.00111111 0.00125 0.00625 0.00833333 0.002 0.00526316 0.00769231 0.004 0.00909091 0.005 0.00058824 0.0025 0.01 0.001 0.000625 0.00555556 0.00454545 0.00909091 0.00909091 0.005 0.0047619 0.00909091 0.0047619 0.00384615 0.00909091 0.00344828 0.002 0.00909091 0.00714286 0.00555556 0.00526316 0.00588235 0.00769231 0.00909091 0.00909091 0.00769231 0.00769231 0.00555556 0.00526316 0.00142857 0.00714286 0.00833333 0.00071429 0.00055556 0.00625 0.00166667 0.00416667 0.00344828 0.00125 0.00125 0.00588235 0.00166667 0.00555556 0.00909091 0.00166667 0.00769231 0.00333333 0.00625 0.00333333 0.00769231 0.00166667 0.00625 0.002 0.00833333 0.01 0.0025 0.00666667 0.00333333 0.002 0.00909091 0.00333333 0.00909091 0.00769231 0.00555556 0.01 0.00833333 
Abstemp
2 5 5 3 8.5 12 1 13 14.5 2.5 8.5 9.5 0 5 13.5 1.5 7.5 0 0.5 1 3.5 4.5 4 7.5 14 6.5 3 1 2.5 0.5 0.5 0.5 5 14 1 8 2.5 4.5 7 6 0.5 0 10.5 0.5 0.5 0 15.5 0.5 1 1.5 2 0.5 5 0.5 3.5 3 0.5 6.5 8 0.5 15.5 1.5 2.5 0.5 1 4 8 1 2 3 5.5 2.5 13.5 0.5 2.5 8 2 0.5 0.5 1.5 1 5.5 2 0.5 13 8.5 4 0.5 6 5.5 12 0 0.5 6.5 0.5 0.5 12.5 11 9.5 0 0 2.5 0.5 0 1 24 23 1 0 5.5 0.5 12.5 12 9 7 8.5 0.5 2 0 0.5 13 6.5 0 4.5 6.5 1.5 2.5 12 1 13 0.5 1 4 1 10 7 0.5 12.5 1.5 0 3 0 6 5.5 2 0 11.5 8 0.5 7.5 9 0.5 0.5 2 1 12.5 0 2 6.5 18.5 6.5 0.5 3.5 1 0 1 6.5 2.5 4 0.5 9.5 0.5 5 5.5 1.5 1.5 7.5 1.5 6.5 5.5 0.5 6.5 0.5 13.5 0 9.5 1.5 1 4 1 11 1 0 1 4.5 0.5 18 5 3 13.5 
