-1.000000 0 0 
-0.999000 0 0 
-0.998001 0 0 
-0.997001 0 0 
-0.996001 0 0 
-0.995002 0 0 
-0.994002 0 0 
-0.993002 0 0 
-0.992003 0 0 
-0.991003 0 0 
-0.990003 0 0 
-0.989004 0 0 
-0.988004 0 0 
-0.987004 0 0 
-0.986005 0 0 
-0.985005 0 0 
-0.984005 0 0 
-0.983006 0 0 
-0.982006 0 0 
-0.981006 0 0 
-0.980007 0 0 
-0.979007 0 0 
-0.978007 0 0 
-0.977008 0 0 
-0.976008 0 0 
-0.975008 0 0 
-0.974009 0 0 
-0.973009 0 0 
-0.972009 0 0 
-0.971010 0 0 
-0.970010 0 0 
-0.969010 0 0 
-0.968011 0 0 
-0.967011 0 0 
-0.966011 0 0 
-0.965012 0 0 
-0.964012 0 0 
-0.963012 0 0 
-0.962013 0 0 
-0.961013 0 0 
-0.960013 0 0 
-0.959014 0 0 
-0.958014 0 0 
-0.957014 0 0 
-0.956015 0 0 
-0.955015 0 0 
-0.954015 0 0 
-0.953016 0 0 
-0.952016 0 0 
-0.951016 0 0 
-0.950017 0 0 
-0.949017 0 0 
-0.948017 0 0 
-0.947018 0 0 
-0.946018 0 0 
-0.945018 0 0 
-0.944019 0 0 
-0.943019 0 0 
-0.942019 0 0 
-0.941020 0 0 
-0.940020 0 0 
-0.939020 0 0 
-0.938021 0 0 
-0.937021 0 0 
-0.936021 0 0 
-0.935022 0 0 
-0.934022 0 0 
-0.933022 0 0 
-0.932023 0 0 
-0.931023 0 0 
-0.930023 0 0 
-0.929024 0 0 
-0.928024 0 0 
-0.927024 0 0 
-0.926025 0 0 
-0.925025 0 0 
-0.924025 0 0 
-0.923026 0 0 
-0.922026 0 0 
-0.921026 0 0 
-0.920027 0 0 
-0.919027 0 0 
-0.918027 0 0 
-0.917028 0 0 
-0.916028 0 0 
-0.915028 0 0 
-0.914029 0 0 
-0.913029 0 0 
-0.912029 0 0 
-0.911030 0 0 
-0.910030 0 0 
-0.909030 0 0 
-0.908031 0 0 
-0.907031 0 0 
-0.906031 0 0 
-0.905032 0 0 
-0.904032 0 0 
-0.903032 0 0 
-0.902033 0 0 
-0.901033 0 0 
-0.900033 0 0 
-0.899034 0 0 
-0.898034 0 0 
-0.897034 0 0 
-0.896035 0 0 
-0.895035 0 0 
-0.894035 0 0 
-0.893036 0 0 
-0.892036 0 0 
-0.891036 0 0 
-0.890037 0 0 
-0.889037 0 0 
-0.888037 0 0 
-0.887038 0 0 
-0.886038 0 0 
-0.885038 0 0 
-0.884039 0 0 
-0.883039 0 0 
-0.882039 0 0 
-0.881040 0 0 
-0.880040 0 0 
-0.879040 0 0 
-0.878041 0 0 
-0.877041 0 0 
-0.876041 0 0 
-0.875042 0 0 
-0.874042 0 0 
-0.873042 0 0 
-0.872043 0 0 
-0.871043 0 0 
-0.870043 0 0 
-0.869044 0 0 
-0.868044 0 0 
-0.867044 0 0 
-0.866045 0 0 
-0.865045 0 0 
-0.864045 0 0 
-0.863046 0 0 
-0.862046 0 0 
-0.861046 0 0 
-0.860047 0 0 
-0.859047 0 0 
-0.858047 0 0 
-0.857048 0 0 
-0.856048 0 0 
-0.855048 0 0 
-0.854049 0 0 
-0.853049 0 0 
-0.852049 0 0 
-0.851050 0 0 
-0.850050 0 0 
-0.849050 0 0 
-0.848051 0 0 
-0.847051 0 0 
-0.846051 0 0 
-0.845052 0 0 
-0.844052 0 0 
-0.843052 0 0 
-0.842053 0 0 
-0.841053 0 0 
-0.840053 0 0 
-0.839054 0 0 
-0.838054 0 0 
-0.837054 0 0 
-0.836055 0 0 
-0.835055 0 0 
-0.834055 0 0 
-0.833056 0 0 
-0.832056 0 0 
-0.831056 0 0 
-0.830057 0 0 
-0.829057 0 0 
-0.828057 0 0 
-0.827058 0 0 
-0.826058 0 0 
-0.825058 0 0 
-0.824059 0 0 
-0.823059 0 0 
-0.822059 0 0 
-0.821060 0 0 
-0.820060 0 0 
-0.819060 0 0 
-0.818061 0 0 
-0.817061 0 0 
-0.816061 0 0 
-0.815062 0 0 
-0.814062 0 0 
-0.813062 0 0 
-0.812063 0 0 
-0.811063 0 0 
-0.810063 0 0 
-0.809064 0 0 
-0.808064 0 0 
-0.807064 0 0 
-0.806065 0 0 
-0.805065 0 0 
-0.804065 0 0 
-0.803066 0 0 
-0.802066 0 0 
-0.801066 0 0 
-0.800067 0 0 
-0.799067 0 0 
-0.798067 0 0 
-0.797068 0 0 
-0.796068 0 0 
-0.795068 0 0 
-0.794069 0 0 
-0.793069 0 0 
-0.792069 0 0 
-0.791070 0 0 
-0.790070 0 0 
-0.789070 0 0 
-0.788071 0 0 
-0.787071 0 0 
-0.786071 0 0 
-0.785072 0 0 
-0.784072 0 0 
-0.783072 0 0 
-0.782073 0 0 
-0.781073 0 0 
-0.780073 0 0 
-0.779074 0 0 
-0.778074 0 0 
-0.777074 0 0 
-0.776075 0 0 
-0.775075 0 0 
-0.774075 0 0 
-0.773076 0 0 
-0.772076 0 0 
-0.771076 0 0 
-0.770077 0 0 
-0.769077 0 0 
-0.768077 0 0 
-0.767078 0 0 
-0.766078 0 0 
-0.765078 0 0 
-0.764079 0 0 
-0.763079 0 0 
-0.762079 0 0 
-0.761080 0 0 
-0.760080 0 0 
-0.759080 0 0 
-0.758081 0 0 
-0.757081 0 0 
-0.756081 0 0 
-0.755082 0 0 
-0.754082 0 0 
-0.753082 0 0 
-0.752083 0 0 
-0.751083 0 0 
-0.750083 0 0 
-0.749084 0 0 
-0.748084 0 0 
-0.747084 0 0 
-0.746085 0 0 
-0.745085 0 0 
-0.744085 0 0 
-0.743086 0 0 
-0.742086 0 0 
-0.741086 0 0 
-0.740087 0 0 
-0.739087 0 0 
-0.738087 0 0 
-0.737088 0 0 
-0.736088 0 0 
-0.735088 0 0 
-0.734089 0 0 
-0.733089 0 0 
-0.732089 0 0 
-0.731090 0 0 
-0.730090 0 0 
-0.729090 0 0 
-0.728091 0 0 
-0.727091 0 0 
-0.726091 0 0 
-0.725092 0 0 
-0.724092 0 0 
-0.723092 0 0 
-0.722093 0 0 
-0.721093 0 0 
-0.720093 0 0 
-0.719094 0 0 
-0.718094 0 0 
-0.717094 0 0 
-0.716095 0 0 
-0.715095 0 0 
-0.714095 0 0 
-0.713096 0 0 
-0.712096 0 0 
-0.711096 0 0 
-0.710097 0 0 
-0.709097 0 0 
-0.708097 0 0 
-0.707098 0 0 
-0.706098 0 0 
-0.705098 0 0 
-0.704099 0 0 
-0.703099 0 0 
-0.702099 0 0 
-0.701100 0 0 
-0.700100 0 0 
-0.699100 0 0 
-0.698101 0 0 
-0.697101 0 0 
-0.696101 0 0 
-0.695102 0 0 
-0.694102 0 0 
-0.693102 0 0 
-0.692103 0 0 
-0.691103 0 0 
-0.690103 0 0 
-0.689104 0 0 
-0.688104 0 0 
-0.687104 0 0 
-0.686105 0 0 
-0.685105 0 0 
-0.684105 0 0 
-0.683106 0 0 
-0.682106 0 0 
-0.681106 0 0 
-0.680107 0 0 
-0.679107 0 0 
-0.678107 0 0 
-0.677108 0 0 
-0.676108 0 0 
-0.675108 0 0 
-0.674109 0 0 
-0.673109 0 0 
-0.672109 0 0 
-0.671110 0 0 
-0.670110 0 0 
-0.669110 0 0 
-0.668111 0 0 
-0.667111 0 0 
-0.666111 0 0 
-0.665112 0 0 
-0.664112 0 0 
-0.663112 0 0 
-0.662113 0 0 
-0.661113 0 0 
-0.660113 0 0 
-0.659114 0 0 
-0.658114 0 0 
-0.657114 0 0 
-0.656115 0 0 
-0.655115 0 0 
-0.654115 0 0 
-0.653116 0 0 
-0.652116 0 0 
-0.651116 0 0 
-0.650117 0 0 
-0.649117 0 0 
-0.648117 0 0 
-0.647118 0 0 
-0.646118 0 0 
-0.645118 0 0 
-0.644119 0 0 
-0.643119 0 0 
-0.642119 0 0 
-0.641120 0 0 
-0.640120 0 0 
-0.639120 0 0 
-0.638121 0 0 
-0.637121 0 0 
-0.636121 0 0 
-0.635122 0 0 
-0.634122 0 0 
-0.633122 0 0 
-0.632123 0 0 
-0.631123 0 0 
-0.630123 0 0 
-0.629124 0 0 
-0.628124 0 0 
-0.627124 0 0 
-0.626125 0 0 
-0.625125 0 0 
-0.624125 0 0 
-0.623126 0 0 
-0.622126 0 0 
-0.621126 0 0 
-0.620127 0 0 
-0.619127 0 0 
-0.618127 0 0 
-0.617128 0 0 
-0.616128 0 0 
-0.615128 0 0 
-0.614129 0 0 
-0.613129 0 0 
-0.612129 0 0 
-0.611130 0 0 
-0.610130 0 0 
-0.609130 0 0 
-0.608131 0 0 
-0.607131 0 0 
-0.606131 0 0 
-0.605132 0 0 
-0.604132 0 0 
-0.603132 0 0 
-0.602133 0 0 
-0.601133 0 0 
-0.600133 0 0 
-0.599134 0 0 
-0.598134 0 0 
-0.597134 0 0 
-0.596135 0 0 
-0.595135 0 0 
-0.594135 0 0 
-0.593136 0 0 
-0.592136 0 0 
-0.591136 0 0 
-0.590137 0 0 
-0.589137 0 0 
-0.588137 0 0 
-0.587138 0 0 
-0.586138 0 0 
-0.585138 0 0 
-0.584139 0 0 
-0.583139 0 0 
-0.582139 0 0 
-0.581140 0 0 
-0.580140 0 0 
-0.579140 0 0 
-0.578141 0 0 
-0.577141 0 0 
-0.576141 0 0 
-0.575142 0 0 
-0.574142 0 0 
-0.573142 0 0 
-0.572143 0 0 
-0.571143 0 0 
-0.570143 0 0 
-0.569144 0 0 
-0.568144 0 0 
-0.567144 0 0 
-0.566145 0 0 
-0.565145 0 0 
-0.564145 0 0 
-0.563146 0 0 
-0.562146 0 0 
-0.561146 0 0 
-0.560147 0 0 
-0.559147 0 0 
-0.558147 0 0 
-0.557148 0 0 
-0.556148 0 0 
-0.555148 0 0 
-0.554149 0 0 
-0.553149 0 0 
-0.552149 0 0 
-0.551150 0 0 
-0.550150 0 0 
-0.549150 0 0 
-0.548151 0 0 
-0.547151 0 0 
-0.546151 0 0 
-0.545152 0 0 
-0.544152 0 0 
-0.543152 0 0 
-0.542153 0 0 
-0.541153 0 0 
-0.540153 0 0 
-0.539154 0 0 
-0.538154 0 0 
-0.537154 0 0 
-0.536155 0 0 
-0.535155 0 0 
-0.534155 0 0 
-0.533156 0 0 
-0.532156 0 0 
-0.531156 0 0 
-0.530157 0 0 
-0.529157 0 0 
-0.528157 0 0 
-0.527158 0 0 
-0.526158 0 0 
-0.525158 0 0 
-0.524159 0 0 
-0.523159 0 0 
-0.522159 0 0 
-0.521160 0 0 
-0.520160 0 0 
-0.519160 0 0 
-0.518161 0 0 
-0.517161 0 0 
-0.516161 0 0 
-0.515162 0 0 
-0.514162 0 0 
-0.513162 0 0 
-0.512163 0 0 
-0.511163 0 0 
-0.510163 0 0 
-0.509164 0 0 
-0.508164 0 0 
-0.507164 0 0 
-0.506165 0 0 
-0.505165 0 0 
-0.504165 0 0 
-0.503166 0 0 
-0.502166 0 0 
-0.501166 0 0 
-0.500167 0 0 
-0.499167 0 0 
-0.498167 0 0 
-0.497168 0 0 
-0.496168 0 0 
-0.495168 0 0 
-0.494169 0 0 
-0.493169 0 0 
-0.492169 0 0 
-0.491170 0 0 
-0.490170 0 0 
-0.489170 0 0 
-0.488171 0 0 
-0.487171 0 0 
-0.486171 0 0 
-0.485172 0 0 
-0.484172 0 0 
-0.483172 0 0 
-0.482173 0 0 
-0.481173 0 0 
-0.480173 0 0 
-0.479174 0 0 
-0.478174 0 0 
-0.477174 0 0 
-0.476175 0 0 
-0.475175 0 0 
-0.474175 0 0 
-0.473176 0 0 
-0.472176 0 0 
-0.471176 0 0 
-0.470177 0 0 
-0.469177 0 0 
-0.468177 0 0 
-0.467178 0 0 
-0.466178 0 0 
-0.465178 0 0 
-0.464179 0 0 
-0.463179 0 0 
-0.462179 0 0 
-0.461180 0 0 
-0.460180 0 0 
-0.459180 0 0 
-0.458181 0 0 
-0.457181 0 0 
-0.456181 0 0 
-0.455182 0 0 
-0.454182 0 0 
-0.453182 0 0 
-0.452183 0 0 
-0.451183 0 0 
-0.450183 0 0 
-0.449184 0 0 
-0.448184 0 0 
-0.447184 0 0 
-0.446185 0 0 
-0.445185 0 0 
-0.444185 0 0 
-0.443186 0 0 
-0.442186 0 0 
-0.441186 0 0 
-0.440187 0 0 
-0.439187 0 0 
-0.438187 0 0 
-0.437188 0 0 
-0.436188 0 0 
-0.435188 0 0 
-0.434189 0 0 
-0.433189 0 0 
-0.432189 0 0 
-0.431190 0 0 
-0.430190 0 0 
-0.429190 0 0 
-0.428191 0 0 
-0.427191 0 0 
-0.426191 0 0 
-0.425192 0 0 
-0.424192 0 0 
-0.423192 0 0 
-0.422193 0 0 
-0.421193 0 0 
-0.420193 0 0 
-0.419194 0 0 
-0.418194 0 0 
-0.417194 0 0 
-0.416195 0 0 
-0.415195 0 0 
-0.414195 0 0 
-0.413196 0 0 
-0.412196 0 0 
-0.411196 0 0 
-0.410197 0 0 
-0.409197 0 0 
-0.408197 0 0 
-0.407198 0 0 
-0.406198 0 0 
-0.405198 0 0 
-0.404199 0 0 
-0.403199 0 0 
-0.402199 0 0 
-0.401200 0 0 
-0.400200 0 0 
-0.399200 0 0 
-0.398201 0 0 
-0.397201 0 0 
-0.396201 0 0 
-0.395202 0 0 
-0.394202 0 0 
-0.393202 0 0 
-0.392203 0 0 
-0.391203 0 0 
-0.390203 0 0 
-0.389204 0 0 
-0.388204 0 0 
-0.387204 0 0 
-0.386205 0 0 
-0.385205 0 0 
-0.384205 0 0 
-0.383206 0 0 
-0.382206 0 0 
-0.381206 0 0 
-0.380207 0 0 
-0.379207 0 0 
-0.378207 0 0 
-0.377208 0 0 
-0.376208 0 0 
-0.375208 0 0 
-0.374209 0 0 
-0.373209 0 0 
-0.372209 0 0 
-0.371210 0 0 
-0.370210 0 0 
-0.369210 0 0 
-0.368211 0 0 
-0.367211 0 0 
-0.366211 0 0 
-0.365212 0 0 
-0.364212 0 0 
-0.363212 0 0 
-0.362213 0 0 
-0.361213 0 0 
-0.360213 0 0 
-0.359214 0 0 
-0.358214 0 0 
-0.357214 0 0 
-0.356215 0 0 
-0.355215 0 0 
-0.354215 0 0 
-0.353216 0 0 
-0.352216 0 0 
-0.351216 0 0 
-0.350217 0 0 
-0.349217 0 0 
-0.348217 0 0 
-0.347218 0 0 
-0.346218 0 0 
-0.345218 0 0 
-0.344219 0 0 
-0.343219 0 0 
-0.342219 0 0 
-0.341220 0 0 
-0.340220 0 0 
-0.339220 0 0 
-0.338221 0 0 
-0.337221 0 0 
-0.336221 0 0 
-0.335222 0 0 
-0.334222 0 0 
-0.333222 0 0 
-0.332223 0 0 
-0.331223 0 0 
-0.330223 0 0 
-0.329224 0 0 
-0.328224 0 0 
-0.327224 0 0 
-0.326225 0 0 
-0.325225 0 0 
-0.324225 0 0 
-0.323226 0 0 
-0.322226 0 0 
-0.321226 0 0 
-0.320227 0 0 
-0.319227 0 0 
-0.318227 0 0 
-0.317228 0 0 
-0.316228 0 0 
-0.315228 0 0 
-0.314229 0 0 
-0.313229 0 0 
-0.312229 0 0 
-0.311230 0 0 
-0.310230 0 0 
-0.309230 0 0 
-0.308231 0 0 
-0.307231 0 0 
-0.306231 0 0 
-0.305232 0 0 
-0.304232 0 0 
-0.303232 0 0 
-0.302233 0 0 
-0.301233 0 0 
-0.300233 0 0 
-0.299234 0 0 
-0.298234 0 0 
-0.297234 0 0 
-0.296235 0 0 
-0.295235 0 0 
-0.294235 0 0 
-0.293236 0 0 
-0.292236 0 0 
-0.291236 0 0 
-0.290237 0 0 
-0.289237 0 0 
-0.288237 0 0 
-0.287238 0 0 
-0.286238 0 0 
-0.285238 0 0 
-0.284239 0 0 
-0.283239 0 0 
-0.282239 0 0 
-0.281240 0 0 
-0.280240 0 0 
-0.279240 0 0 
-0.278241 0 0 
-0.277241 0 0 
-0.276241 0 0 
-0.275242 0 0 
-0.274242 0 0 
-0.273242 0 0 
-0.272243 0 0 
-0.271243 0 0 
-0.270243 0 0 
-0.269244 0 0 
-0.268244 0 0 
-0.267244 0 0 
-0.266245 0 0 
-0.265245 0 0 
-0.264245 0 0 
-0.263246 0 0 
-0.262246 0 0 
-0.261246 0 0 
-0.260247 0 0 
-0.259247 0 0 
-0.258247 0 0 
-0.257248 0 0 
-0.256248 0 0 
-0.255248 0 0 
-0.254249 0 0 
-0.253249 0 0 
-0.252249 0 0 
-0.251250 0 0 
-0.250250 0 0 
-0.249250 0 0 
-0.248251 0 0 
-0.247251 0 0 
-0.246251 0 0 
-0.245252 0 0 
-0.244252 0 0 
-0.243252 0 0 
-0.242253 0 0 
-0.241253 0 0 
-0.240253 0 0 
-0.239254 0 0 
-0.238254 0 0 
-0.237254 0 0 
-0.236255 0 0 
-0.235255 0 0 
-0.234255 0 0 
-0.233256 0 0 
-0.232256 0 0 
-0.231256 0 0 
-0.230257 0 0 
-0.229257 0 0 
-0.228257 0 0 
-0.227258 0 0 
-0.226258 0 0 
-0.225258 0 0 
-0.224259 0 0 
-0.223259 0 0 
-0.222259 0 0 
-0.221260 0 0 
-0.220260 0 0 
-0.219260 0 0 
-0.218261 0 0 
-0.217261 0 0 
-0.216261 0 0 
-0.215262 0 0 
-0.214262 0 0 
-0.213262 0 0 
-0.212263 0 0 
-0.211263 0 0 
-0.210263 0 0 
-0.209264 0 0 
-0.208264 0 0 
-0.207264 0 0 
-0.206265 0 0 
-0.205265 0 0 
-0.204265 0 0 
-0.203266 0 0 
-0.202266 0 0 
-0.201266 0 0 
-0.200267 0 0 
-0.199267 0 0 
-0.198267 0 0 
-0.197268 0 0 
-0.196268 0 0 
-0.195268 0 0 
-0.194269 0 0 
-0.193269 0 0 
-0.192269 0 0 
-0.191270 0 0 
-0.190270 0 0 
-0.189270 0 0 
-0.188271 0 0 
-0.187271 0 0 
-0.186271 0 0 
-0.185272 0 0 
-0.184272 0 0 
-0.183272 0 0 
-0.182273 0 0 
-0.181273 0 0 
-0.180273 0 0 
-0.179274 0 0 
-0.178274 0 0 
-0.177274 0 0 
-0.176275 0 0 
-0.175275 0 0 
-0.174275 0 0 
-0.173276 0 0 
-0.172276 0 0 
-0.171276 0 0 
-0.170277 0 0 
-0.169277 0 0 
-0.168277 0 0 
-0.167278 0 0 
-0.166278 0 0 
-0.165278 0 0 
-0.164279 0 0 
-0.163279 0 0 
-0.162279 0 0 
-0.161280 0 0 
-0.160280 0 0 
-0.159280 0 0 
-0.158281 0 0 
-0.157281 0 0 
-0.156281 0 0 
-0.155282 0 0 
-0.154282 0 0 
-0.153282 0 0 
-0.152283 0 0 
-0.151283 0 0 
-0.150283 0 0 
-0.149284 0 0 
-0.148284 0 0 
-0.147284 0 0 
-0.146285 0 0 
-0.145285 0 0 
-0.144285 0 0 
-0.143286 0 0 
-0.142286 0 0 
-0.141286 0 0 
-0.140287 0 0 
-0.139287 0 0 
-0.138287 0 0 
-0.137288 0 0 
-0.136288 0 0 
-0.135288 0 0 
-0.134289 0 0 
-0.133289 0 0 
-0.132289 0 0 
-0.131290 0 0 
-0.130290 0 0 
-0.129290 0 0 
-0.128291 0 0 
-0.127291 0 0 
-0.126291 0 0 
-0.125292 0 0 
-0.124292 0 0 
-0.123292 0 0 
-0.122293 0 0 
-0.121293 0 0 
-0.120293 0 0 
-0.119294 0 0 
-0.118294 0 0 
-0.117294 0 0 
-0.116295 0 0 
-0.115295 0 0 
-0.114295 0 0 
-0.113296 0 0 
-0.112296 0 0 
-0.111296 0 0 
-0.110297 0 0 
-0.109297 0 0 
-0.108297 0 0 
-0.107298 0 0 
-0.106298 0 0 
-0.105298 0 0 
-0.104299 0 0 
-0.103299 0 0 
-0.102299 0 0 
-0.101300 0 0 
-0.100300 0 0 
-0.099300 0 0 
-0.098301 0 0 
-0.097301 0 0 
-0.096301 0 0 
-0.095302 0 0 
-0.094302 0 0 
-0.093302 0 0 
-0.092303 0 0 
-0.091303 0 0 
-0.090303 0 0 
-0.089304 0 0 
-0.088304 0 0 
-0.087304 0 0 
-0.086305 0 0 
-0.085305 0 0 
-0.084305 0 0 
-0.083306 0 0 
-0.082306 0 0 
-0.081306 0 0 
-0.080307 0 0 
-0.079307 0 0 
-0.078307 0 0 
-0.077308 0 0 
-0.076308 0 0 
-0.075308 0 0 
-0.074309 0 0 
-0.073309 0 0 
-0.072309 0 0 
-0.071310 0 0 
-0.070310 0 0 
-0.069310 0 0 
-0.068311 0 0 
-0.067311 0 0 
-0.066311 0 0 
-0.065312 0 0 
-0.064312 0 0 
-0.063312 0 0 
-0.062313 0 0 
-0.061313 0 0 
-0.060313 0 0 
-0.059314 0 0 
-0.058314 0 0 
-0.057314 0 0 
-0.056315 0 0 
-0.055315 0 0 
-0.054315 0 0 
-0.053316 0 0 
-0.052316 0 0 
-0.051316 0 0 
-0.050317 0 0 
-0.049317 0 0 
-0.048317 0 0 
-0.047318 0 0 
-0.046318 0 0 
-0.045318 0 0 
-0.044319 0 0 
-0.043319 0 0 
-0.042319 0 0 
-0.041320 0 0 
-0.040320 0 0 
-0.039320 0 0 
-0.038321 0 0 
-0.037321 0 0 
-0.036321 0 0 
-0.035322 0 0 
-0.034322 0 0 
-0.033322 0 0 
-0.032323 0 0 
-0.031323 0 0 
-0.030323 0 0 
-0.029324 0 0 
-0.028324 0 0 
-0.027324 0 0 
-0.026325 0 0 
-0.025325 0 0 
-0.024325 0 0 
-0.023326 0 0 
-0.022326 0 0 
-0.021326 0 0 
-0.020327 0 0 
-0.019327 0 0 
-0.018327 0 0 
-0.017328 0 0 
-0.016328 0 0 
-0.015328 0 0 
-0.014329 0 0 
-0.013329 0 0 
-0.012329 0 0 
-0.011330 0 0 
-0.010330 0 0 
-0.009330 0 0 
-0.008331 0 0 
-0.007331 0 0 
-0.006331 0 0 
-0.005332 0 0 
-0.004332 0 0 
-0.003332 0 0 
-0.002333 0 0 
-0.001333 0 0 
-0.000333 2115700 148 
0.000666 138282 128 
0.001666 4847 9 
0.002666 24861 102 
0.003665 0 0 
0.004665 9191 36 
0.005665 0 0 
0.006664 0 0 
0.007664 11815 114 
0.008664 0 0 
0.009663 0 0 
0.010663 0 0 
0.011663 0 0 
0.012662 6058 79 
0.013662 0 0 
0.014662 2279 34 
0.015661 467 4 
0.016661 0 0 
0.017661 1454 23 
0.018660 1383 36 
0.019660 0 0 
0.020660 0 0 
0.021659 0 0 
0.022659 0 0 
0.023659 406 9 
0.024658 0 0 
0.025658 2964 54 
0.026658 0 0 
0.027657 0 0 
0.028657 0 0 
0.029657 0 0 
0.030656 0 0 
0.031656 0 0 
0.032656 0 0 
0.033655 0 0 
0.034655 0 0 
0.035655 0 0 
0.036654 7031 216 
0.037654 0 0 
0.038654 0 0 
0.039653 0 0 
0.040653 0 0 
0.041653 0 0 
0.042652 0 0 
0.043652 0 0 
0.044652 0 0 
0.045651 0 0 
0.046651 0 0 
0.047651 0 0 
0.048650 0 0 
0.049650 0 0 
0.050650 2210 99 
0.051649 0 0 
0.052649 0 0 
0.053649 0 0 
0.054648 0 0 
0.055648 323 18 
0.056648 0 0 
0.057647 0 0 
0.058647 0 0 
0.059647 0 0 
0.060646 0 0 
0.061646 1503 114 
0.062646 0 0 
0.063645 0 0 
0.064645 0 0 
0.065645 0 0 
0.066644 0 0 
0.067644 0 0 
0.068644 0 0 
0.069643 0 0 
0.070643 0 0 
0.071643 0 0 
0.072642 0 0 
0.073642 0 0 
0.074642 0 0 
0.075641 0 0 
0.076641 0 0 
0.077641 0 0 
0.078640 0 0 
0.079640 0 0 
0.080640 0 0 
0.081639 0 0 
0.082639 0 0 
0.083639 0 0 
0.084638 0 0 
0.085638 0 0 
0.086638 0 0 
0.087637 0 0 
0.088637 0 0 
0.089637 0 0 
0.090636 0 0 
0.091636 0 0 
0.092636 0 0 
0.093635 0 0 
0.094635 0 0 
0.095635 0 0 
0.096634 0 0 
0.097634 0 0 
0.098634 0 0 
0.099633 0 0 
0.100633 0 0 
0.101633 0 0 
0.102632 0 0 
0.103632 0 0 
0.104632 0 0 
0.105631 0 0 
0.106631 0 0 
0.107631 0 0 
0.108630 0 0 
0.109630 0 0 
0.110630 0 0 
0.111629 0 0 
0.112629 0 0 
0.113629 0 0 
0.114628 0 0 
0.115628 0 0 
0.116628 0 0 
0.117627 0 0 
0.118627 0 0 
0.119627 0 0 
0.120626 0 0 
0.121626 0 0 
0.122626 0 0 
0.123625 0 0 
0.124625 0 0 
0.125625 0 0 
0.126624 718 108 
0.127624 0 0 
0.128624 0 0 
0.129623 0 0 
0.130623 0 0 
0.131623 0 0 
0.132622 0 0 
0.133622 0 0 
0.134622 0 0 
0.135621 0 0 
0.136621 0 0 
0.137621 0 0 
0.138620 0 0 
0.139620 0 0 
0.140620 0 0 
0.141619 0 0 
0.142619 11 3 
0.143619 0 0 
0.144618 0 0 
0.145618 0 0 
0.146618 0 0 
0.147617 0 0 
0.148617 0 0 
0.149617 0 0 
0.150616 0 0 
0.151616 0 0 
0.152616 0 0 
0.153615 0 0 
0.154615 0 0 
0.155615 0 0 
0.156614 0 0 
0.157614 0 0 
0.158614 0 0 
0.159613 0 0 
0.160613 0 0 
0.161613 0 0 
0.162612 0 0 
0.163612 0 0 
0.164612 0 0 
0.165611 0 0 
0.166611 0 0 
0.167611 0 0 
0.168610 0 0 
0.169610 0 0 
0.170610 0 0 
0.171609 0 0 
0.172609 0 0 
0.173609 0 0 
0.174608 0 0 
0.175608 0 0 
0.176608 0 0 
0.177607 0 0 
0.178607 0 0 
0.179607 0 0 
0.180606 0 0 
0.181606 0 0 
0.182606 0 0 
0.183605 0 0 
0.184605 0 0 
0.185605 0 0 
0.186604 0 0 
0.187604 0 0 
0.188604 0 0 
0.189603 0 0 
0.190603 0 0 
0.191603 0 0 
0.192602 0 0 
0.193602 0 0 
0.194602 0 0 
0.195601 0 0 
0.196601 0 0 
0.197601 0 0 
0.198600 0 0 
0.199600 0 0 
0.200600 0 0 
0.201599 0 0 
0.202599 0 0 
0.203599 0 0 
0.204598 0 0 
0.205598 0 0 
0.206598 0 0 
0.207597 0 0 
0.208597 0 0 
0.209597 0 0 
0.210596 0 0 
0.211596 0 0 
0.212596 0 0 
0.213595 110 21 
0.214595 0 0 
0.215595 0 0 
0.216594 0 0 
0.217594 0 0 
0.218594 0 0 
0.219593 0 0 
0.220593 0 0 
0.221593 0 0 
0.222592 0 0 
0.223592 0 0 
0.224592 0 0 
0.225591 0 0 
0.226591 0 0 
0.227591 0 0 
0.228590 0 0 
0.229590 0 0 
0.230590 0 0 
0.231589 0 0 
0.232589 0 0 
0.233589 0 0 
0.234588 0 0 
0.235588 0 0 
0.236588 262 80 
0.237587 0 0 
0.238587 0 0 
0.239587 0 0 
0.240586 0 0 
0.241586 0 0 
0.242586 0 0 
0.243585 0 0 
0.244585 0 0 
0.245585 0 0 
0.246584 0 0 
0.247584 0 0 
0.248584 0 0 
0.249583 0 0 
0.250583 0 0 
0.251583 0 0 
0.252582 0 0 
0.253582 0 0 
0.254582 0 0 
0.255581 0 0 
0.256581 0 0 
0.257581 0 0 
0.258580 0 0 
0.259580 0 0 
0.260580 0 0 
0.261579 0 0 
0.262579 0 0 
0.263579 0 0 
0.264578 0 0 
0.265578 0 0 
0.266578 0 0 
0.267577 0 0 
0.268577 0 0 
0.269577 0 0 
0.270576 0 0 
0.271576 0 0 
0.272576 0 0 
0.273575 0 0 
0.274575 0 0 
0.275575 0 0 
0.276574 0 0 
0.277574 0 0 
0.278574 0 0 
0.279573 0 0 
0.280573 0 0 
0.281573 0 0 
0.282572 0 0 
0.283572 0 0 
0.284572 0 0 
0.285571 0 0 
0.286571 0 0 
0.287571 0 0 
0.288570 0 0 
0.289570 0 0 
0.290570 0 0 
0.291569 0 0 
0.292569 0 0 
0.293569 0 0 
0.294568 0 0 
0.295568 0 0 
0.296568 0 0 
0.297567 184 75 
0.298567 0 0 
0.299567 0 0 
0.300566 0 0 
0.301566 0 0 
0.302566 0 0 
0.303565 0 0 
0.304565 0 0 
0.305565 0 0 
0.306564 0 0 
0.307564 0 0 
0.308564 0 0 
0.309563 0 0 
0.310563 0 0 
0.311563 0 0 
0.312562 0 0 
0.313562 0 0 
0.314562 0 0 
0.315561 0 0 
0.316561 0 0 
0.317561 0 0 
0.318560 0 0 
0.319560 0 0 
0.320560 0 0 
0.321559 0 0 
0.322559 0 0 
0.323559 0 0 
0.324558 0 0 
0.325558 0 0 
0.326558 0 0 
0.327557 0 0 
0.328557 0 0 
0.329557 0 0 
0.330556 0 0 
0.331556 0 0 
0.332556 14 5 
0.333555 0 0 
0.334555 0 0 
0.335555 0 0 
0.336554 0 0 
0.337554 0 0 
0.338554 0 0 
0.339553 0 0 
0.340553 0 0 
0.341553 0 0 
0.342552 0 0 
0.343552 0 0 
0.344552 0 0 
0.345551 0 0 
0.346551 0 0 
0.347551 0 0 
0.348550 0 0 
0.349550 0 0 
0.350550 0 0 
0.351549 0 0 
0.352549 0 0 
0.353549 0 0 
0.354548 0 0 
0.355548 0 0 
0.356548 0 0 
0.357547 0 0 
0.358547 0 0 
0.359547 0 0 
0.360546 0 0 
0.361546 0 0 
0.362546 0 0 
0.363545 36 24 
0.364545 0 0 
0.365545 0 0 
0.366544 0 0 
0.367544 0 0 
0.368544 0 0 
0.369543 0 0 
0.370543 0 0 
0.371543 0 0 
0.372542 0 0 
0.373542 0 0 
0.374542 0 0 
0.375541 0 0 
0.376541 0 0 
0.377541 0 0 
0.378540 0 0 
0.379540 0 0 
0.380540 0 0 
0.381539 0 0 
0.382539 0 0 
0.383539 0 0 
0.384538 0 0 
0.385538 0 0 
0.386538 0 0 
0.387537 0 0 
0.388537 0 0 
0.389537 0 0 
0.390536 0 0 
0.391536 0 0 
0.392536 0 0 
0.393535 0 0 
0.394535 0 0 
0.395535 0 0 
0.396534 0 0 
0.397534 0 0 
0.398534 0 0 
0.399533 37 25 
0.400533 0 0 
0.401533 0 0 
0.402532 0 0 
0.403532 0 0 
0.404532 0 0 
0.405531 0 0 
0.406531 0 0 
0.407531 0 0 
0.408530 0 0 
0.409530 0 0 
0.410530 0 0 
0.411529 0 0 
0.412529 0 0 
0.413529 0 0 
0.414528 0 0 
0.415528 0 0 
0.416528 0 0 
0.417527 0 0 
0.418527 0 0 
0.419527 0 0 
0.420526 0 0 
0.421526 0 0 
0.422526 0 0 
0.423525 0 0 
0.424525 0 0 
0.425525 0 0 
0.426524 0 0 
0.427524 0 0 
0.428524 0 0 
0.429523 0 0 
0.430523 0 0 
0.431523 0 0 
0.432522 0 0 
0.433522 0 0 
0.434522 0 0 
0.435521 0 0 
0.436521 0 0 
0.437521 0 0 
0.438520 0 0 
0.439520 0 0 
0.440520 99 57 
0.441519 0 0 
0.442519 0 0 
0.443519 0 0 
0.444518 0 0 
0.445518 0 0 
0.446518 0 0 
0.447517 0 0 
0.448517 0 0 
0.449517 0 0 
0.450516 0 0 
0.451516 0 0 
0.452516 0 0 
0.453515 0 0 
0.454515 0 0 
0.455515 0 0 
0.456514 0 0 
0.457514 0 0 
0.458514 0 0 
0.459513 0 0 
0.460513 0 0 
0.461513 0 0 
0.462512 0 0 
0.463512 0 0 
0.464512 0 0 
0.465511 0 0 
0.466511 0 0 
0.467511 0 0 
0.468510 0 0 
0.469510 0 0 
0.470510 0 0 
0.471509 0 0 
0.472509 0 0 
0.473509 0 0 
0.474508 0 0 
0.475508 0 0 
0.476508 0 0 
0.477507 0 0 
0.478507 0 0 
0.479507 0 0 
0.480506 0 0 
0.481506 0 0 
0.482506 0 0 
0.483505 0 0 
0.484505 0 0 
0.485505 0 0 
0.486504 0 0 
0.487504 0 0 
0.488504 0 0 
0.489503 0 0 
0.490503 0 0 
0.491503 0 0 
0.492502 0 0 
0.493502 0 0 
0.494502 0 0 
0.495501 0 0 
0.496501 0 0 
0.497501 0 0 
0.498500 0 0 
0.499500 0 0 
0.500500 0 0 
0.501500 0 0 
0.502499 0 0 
0.503499 0 0 
0.504499 0 0 
0.505498 0 0 
0.506498 0 0 
0.507498 0 0 
0.508497 0 0 
0.509497 0 0 
0.510497 0 0 
0.511496 0 0 
0.512496 0 0 
0.513496 0 0 
0.514495 0 0 
0.515495 0 0 
0.516495 0 0 
0.517494 0 0 
0.518494 0 0 
0.519494 0 0 
0.520493 0 0 
0.521493 0 0 
0.522493 0 0 
0.523492 0 0 
0.524492 0 0 
0.525492 0 0 
0.526491 0 0 
0.527491 0 0 
0.528491 0 0 
0.529490 0 0 
0.530490 0 0 
0.531490 0 0 
0.532489 0 0 
0.533489 0 0 
0.534489 0 0 
0.535488 0 0 
0.536488 0 0 
0.537488 0 0 
0.538487 0 0 
0.539487 0 0 
0.540487 0 0 
0.541486 0 0 
0.542486 0 0 
0.543486 0 0 
0.544485 0 0 
0.545485 0 0 
0.546485 0 0 
0.547484 0 0 
0.548484 0 0 
0.549484 0 0 
0.550483 0 0 
0.551483 83 56 
0.552483 0 0 
0.553482 0 0 
0.554482 0 0 
0.555482 0 0 
0.556481 0 0 
0.557481 0 0 
0.558481 0 0 
0.559480 0 0 
0.560480 0 0 
0.561480 0 0 
0.562479 0 0 
0.563479 0 0 
0.564479 0 0 
0.565478 0 0 
0.566478 0 0 
0.567478 0 0 
0.568477 0 0 
0.569477 0 0 
0.570477 0 0 
0.571476 0 0 
0.572476 0 0 
0.573476 0 0 
0.574475 0 0 
0.575475 0 0 
0.576475 0 0 
0.577474 0 0 
0.578474 0 0 
0.579474 0 0 
0.580473 0 0 
0.581473 0 0 
0.582473 0 0 
0.583472 0 0 
0.584472 0 0 
0.585472 0 0 
0.586471 0 0 
0.587471 0 0 
0.588471 0 0 
0.589470 0 0 
0.590470 0 0 
0.591470 0 0 
0.592469 0 0 
0.593469 0 0 
0.594469 0 0 
0.595468 0 0 
0.596468 0 0 
0.597468 0 0 
0.598467 0 0 
0.599467 0 0 
0.600467 0 0 
0.601466 0 0 
0.602466 0 0 
0.603466 0 0 
0.604465 0 0 
0.605465 0 0 
0.606465 0 0 
0.607464 0 0 
0.608464 0 0 
0.609464 0 0 
0.610463 0 0 
0.611463 0 0 
0.612463 0 0 
0.613462 0 0 
0.614462 0 0 
0.615462 0 0 
0.616461 0 0 
0.617461 0 0 
0.618461 0 0 
0.619460 0 0 
0.620460 48 84 
0.621460 0 0 
0.622459 0 0 
0.623459 0 0 
0.624459 0 0 
0.625458 0 0 
0.626458 0 0 
0.627458 0 0 
0.628457 0 0 
0.629457 0 0 
0.630457 0 0 
0.631456 0 0 
0.632456 0 0 
0.633456 0 0 
0.634455 0 0 
0.635455 0 0 
0.636455 0 0 
0.637454 0 0 
0.638454 0 0 
0.639454 0 0 
0.640453 0 0 
0.641453 0 0 
0.642453 0 0 
0.643452 0 0 
0.644452 0 0 
0.645452 0 0 
0.646451 0 0 
0.647451 0 0 
0.648451 0 0 
0.649450 0 0 
0.650450 0 0 
0.651450 0 0 
0.652449 0 0 
0.653449 0 0 
0.654449 0 0 
0.655448 0 0 
0.656448 0 0 
0.657448 0 0 
0.658447 0 0 
0.659447 0 0 
0.660447 0 0 
0.661446 0 0 
0.662446 0 0 
0.663446 0 0 
0.664445 0 0 
0.665445 0 0 
0.666445 7 14 
0.667444 0 0 
0.668444 0 0 
0.669444 0 0 
0.670443 0 0 
0.671443 0 0 
0.672443 0 0 
0.673442 0 0 
0.674442 0 0 
0.675442 0 0 
0.676441 0 0 
0.677441 0 0 
0.678441 0 0 
0.679440 0 0 
0.680440 0 0 
0.681440 0 0 
0.682439 0 0 
0.683439 0 0 
0.684439 0 0 
0.685438 0 0 
0.686438 0 0 
0.687438 0 0 
0.688437 0 0 
0.689437 0 0 
0.690437 0 0 
0.691436 0 0 
0.692436 0 0 
0.693436 0 0 
0.694435 0 0 
0.695435 0 0 
0.696435 0 0 
0.697434 0 0 
0.698434 0 0 
0.699434 0 0 
0.700433 0 0 
0.701433 0 0 
0.702433 0 0 
0.703432 0 0 
0.704432 0 0 
0.705432 0 0 
0.706431 0 0 
0.707431 0 0 
0.708431 0 0 
0.709430 0 0 
0.710430 0 0 
0.711430 0 0 
0.712429 0 0 
0.713429 0 0 
0.714429 0 0 
0.715428 0 0 
0.716428 0 0 
0.717428 0 0 
0.718427 0 0 
0.719427 0 0 
0.720427 0 0 
0.721426 0 0 
0.722426 0 0 
0.723426 0 0 
0.724425 0 0 
0.725425 0 0 
0.726425 0 0 
0.727424 0 0 
0.728424 0 0 
0.729424 0 0 
0.730423 0 0 
0.731423 0 0 
0.732423 0 0 
0.733422 0 0 
0.734422 0 0 
0.735422 0 0 
0.736421 0 0 
0.737421 0 0 
0.738421 0 0 
0.739420 0 0 
0.740420 0 0 
0.741420 0 0 
0.742419 0 0 
0.743419 0 0 
0.744419 0 0 
0.745418 0 0 
0.746418 0 0 
0.747418 0 0 
0.748417 0 0 
0.749417 0 0 
0.750417 0 0 
0.751416 0 0 
0.752416 0 0 
0.753416 0 0 
0.754415 0 0 
0.755415 0 0 
0.756415 0 0 
0.757414 0 0 
0.758414 0 0 
0.759414 0 0 
0.760413 0 0 
0.761413 0 0 
0.762413 0 0 
0.763412 0 0 
0.764412 0 0 
0.765412 0 0 
0.766411 0 0 
0.767411 0 0 
0.768411 0 0 
0.769410 0 0 
0.770410 0 0 
0.771410 0 0 
0.772409 0 0 
0.773409 0 0 
0.774409 0 0 
0.775408 0 0 
0.776408 0 0 
0.777408 0 0 
0.778407 0 0 
0.779407 0 0 
0.780407 0 0 
0.781406 0 0 
0.782406 0 0 
0.783406 0 0 
0.784405 0 0 
0.785405 0 0 
0.786405 0 0 
0.787404 0 0 
0.788404 0 0 
0.789404 0 0 
0.790403 0 0 
0.791403 0 0 
0.792403 0 0 
0.793402 0 0 
0.794402 0 0 
0.795402 0 0 
0.796401 0 0 
0.797401 0 0 
0.798401 0 0 
0.799400 0 0 
0.800400 0 0 
0.801400 0 0 
0.802399 0 0 
0.803399 0 0 
0.804399 0 0 
0.805398 0 0 
0.806398 0 0 
0.807398 0 0 
0.808397 0 0 
0.809397 0 0 
0.810397 0 0 
0.811396 0 0 
0.812396 0 0 
0.813396 0 0 
0.814395 0 0 
0.815395 0 0 
0.816395 0 0 
0.817394 0 0 
0.818394 0 0 
0.819394 0 0 
0.820393 0 0 
0.821393 0 0 
0.822393 0 0 
0.823392 0 0 
0.824392 0 0 
0.825392 0 0 
0.826391 0 0 
0.827391 0 0 
0.828391 0 0 
0.829390 0 0 
0.830390 0 0 
0.831390 0 0 
0.832389 0 0 
0.833389 0 0 
0.834389 0 0 
0.835388 0 0 
0.836388 0 0 
0.837388 0 0 
0.838387 0 0 
0.839387 0 0 
0.840387 0 0 
0.841386 0 0 
0.842386 0 0 
0.843386 0 0 
0.844385 0 0 
0.845385 0 0 
0.846385 0 0 
0.847384 0 0 
0.848384 0 0 
0.849384 0 0 
0.850383 0 0 
0.851383 0 0 
0.852383 0 0 
0.853382 0 0 
0.854382 0 0 
0.855382 0 0 
0.856381 0 0 
0.857381 0 0 
0.858381 0 0 
0.859380 0 0 
0.860380 0 0 
0.861380 0 0 
0.862379 0 0 
0.863379 0 0 
0.864379 0 0 
0.865378 0 0 
0.866378 0 0 
0.867378 0 0 
0.868377 0 0 
0.869377 0 0 
0.870377 0 0 
0.871376 0 0 
0.872376 0 0 
0.873376 0 0 
0.874375 0 0 
0.875375 0 0 
0.876375 0 0 
0.877374 0 0 
0.878374 0 0 
0.879374 0 0 
0.880373 0 0 
0.881373 0 0 
0.882373 0 0 
0.883372 0 0 
0.884372 0 0 
0.885372 0 0 
0.886371 0 0 
0.887371 0 0 
0.888371 0 0 
0.889370 0 0 
0.890370 0 0 
0.891370 0 0 
0.892369 0 0 
0.893369 0 0 
0.894369 0 0 
0.895368 0 0 
0.896368 0 0 
0.897368 0 0 
0.898367 0 0 
0.899367 0 0 
0.900367 0 0 
0.901366 0 0 
0.902366 0 0 
0.903366 0 0 
0.904365 0 0 
0.905365 0 0 
0.906365 0 0 
0.907364 0 0 
0.908364 0 0 
0.909364 0 0 
0.910363 0 0 
0.911363 0 0 
0.912363 0 0 
0.913362 0 0 
0.914362 0 0 
0.915362 0 0 
0.916361 0 0 
0.917361 0 0 
0.918361 0 0 
0.919360 0 0 
0.920360 0 0 
0.921360 0 0 
0.922359 0 0 
0.923359 0 0 
0.924359 0 0 
0.925358 0 0 
0.926358 0 0 
0.927358 0 0 
0.928357 0 0 
0.929357 0 0 
0.930357 0 0 
0.931356 0 0 
0.932356 0 0 
0.933356 0 0 
0.934355 0 0 
0.935355 0 0 
0.936355 0 0 
0.937354 0 0 
0.938354 0 0 
0.939354 0 0 
0.940353 0 0 
0.941353 0 0 
0.942353 0 0 
0.943352 0 0 
0.944352 0 0 
0.945352 0 0 
0.946351 0 0 
0.947351 0 0 
0.948351 0 0 
0.949350 0 0 
0.950350 0 0 
0.951350 0 0 
0.952349 0 0 
0.953349 0 0 
0.954349 0 0 
0.955348 0 0 
0.956348 0 0 
0.957348 0 0 
0.958347 0 0 
0.959347 0 0 
0.960347 0 0 
0.961346 0 0 
0.962346 0 0 
0.963346 0 0 
0.964345 0 0 
0.965345 0 0 
0.966345 0 0 
0.967344 0 0 
0.968344 0 0 
0.969344 0 0 
0.970343 0 0 
0.971343 0 0 
0.972343 0 0 
0.973342 0 0 
0.974342 0 0 
0.975342 0 0 
0.976341 0 0 
0.977341 0 0 
0.978341 0 0 
0.979340 0 0 
0.980340 0 0 
0.981340 0 0 
0.982339 0 0 
0.983339 0 0 
0.984339 0 0 
0.985338 0 0 
0.986338 0 0 
0.987338 0 0 
0.988337 0 0 
0.989337 0 0 
0.990337 0 0 
0.991336 0 0 
0.992336 0 0 
0.993336 0 0 
0.994335 0 0 
0.995335 0 0 
0.996335 0 0 
0.997334 0 0 
0.998334 0 0 
0.999334 3 11 
1.000333 0 0 
1.001333 0 0 
1.002333 0 0 
1.003332 0 0 
1.004332 0 0 
1.005332 0 0 
1.006331 0 0 
1.007331 0 0 
1.008331 0 0 
1.009330 0 0 
1.010330 0 0 
1.011330 0 0 
1.012329 0 0 
1.013329 0 0 
1.014329 0 0 
1.015328 0 0 
1.016328 0 0 
1.017328 0 0 
1.018327 0 0 
1.019327 0 0 
1.020327 0 0 
1.021326 0 0 
1.022326 0 0 
1.023326 0 0 
1.024325 0 0 
1.025325 0 0 
1.026325 0 0 
1.027324 0 0 
1.028324 0 0 
1.029324 0 0 
1.030323 0 0 
1.031323 0 0 
1.032323 0 0 
1.033322 0 0 
1.034322 0 0 
1.035322 0 0 
1.036321 0 0 
1.037321 0 0 
1.038321 0 0 
1.039320 0 0 
1.040320 0 0 
1.041320 0 0 
1.042319 0 0 
1.043319 0 0 
1.044319 0 0 
1.045318 0 0 
1.046318 0 0 
1.047318 0 0 
1.048317 0 0 
1.049317 0 0 
1.050317 0 0 
1.051316 0 0 
1.052316 0 0 
1.053316 0 0 
1.054315 0 0 
1.055315 0 0 
1.056315 0 0 
1.057314 0 0 
1.058314 0 0 
1.059314 0 0 
1.060313 0 0 
1.061313 0 0 
1.062313 0 0 
1.063312 0 0 
1.064312 0 0 
1.065312 0 0 
1.066311 0 0 
1.067311 0 0 
1.068311 0 0 
1.069310 0 0 
1.070310 0 0 
1.071310 0 0 
1.072309 0 0 
1.073309 0 0 
1.074309 0 0 
1.075308 0 0 
1.076308 0 0 
1.077308 0 0 
1.078307 0 0 
1.079307 0 0 
1.080307 0 0 
1.081306 0 0 
1.082306 0 0 
1.083306 0 0 
1.084305 0 0 
1.085305 0 0 
1.086305 0 0 
1.087304 0 0 
1.088304 0 0 
1.089304 0 0 
1.090303 0 0 
1.091303 0 0 
1.092303 0 0 
1.093302 0 0 
1.094302 0 0 
1.095302 0 0 
1.096301 0 0 
1.097301 0 0 
1.098301 0 0 
1.099300 0 0 
1.100300 0 0 
1.101300 0 0 
1.102299 0 0 
1.103299 0 0 
1.104299 0 0 
1.105298 0 0 
1.106298 0 0 
1.107298 0 0 
1.108297 0 0 
1.109297 0 0 
1.110297 0 0 
1.111296 0 0 
1.112296 0 0 
1.113296 0 0 
1.114295 0 0 
1.115295 0 0 
1.116295 0 0 
1.117294 0 0 
1.118294 0 0 
1.119294 0 0 
1.120293 0 0 
1.121293 0 0 
1.122293 0 0 
1.123292 0 0 
1.124292 0 0 
1.125292 0 0 
1.126291 0 0 
1.127291 0 0 
1.128291 0 0 
1.129290 0 0 
1.130290 0 0 
1.131290 0 0 
1.132289 0 0 
1.133289 0 0 
1.134289 0 0 
1.135288 0 0 
1.136288 0 0 
1.137288 0 0 
1.138287 0 0 
1.139287 0 0 
1.140287 0 0 
1.141286 0 0 
1.142286 0 0 
1.143286 0 0 
1.144285 0 0 
1.145285 0 0 
1.146285 0 0 
1.147284 0 0 
1.148284 0 0 
1.149284 0 0 
1.150283 0 0 
1.151283 0 0 
1.152283 0 0 
1.153282 0 0 
1.154282 0 0 
1.155282 0 0 
1.156281 0 0 
1.157281 0 0 
1.158281 0 0 
1.159280 0 0 
1.160280 0 0 
1.161280 0 0 
1.162279 0 0 
1.163279 0 0 
1.164279 0 0 
1.165278 0 0 
1.166278 0 0 
1.167278 0 0 
1.168277 0 0 
1.169277 0 0 
1.170277 0 0 
1.171276 0 0 
1.172276 0 0 
1.173276 0 0 
1.174275 0 0 
1.175275 0 0 
1.176275 0 0 
1.177274 0 0 
1.178274 0 0 
1.179274 0 0 
1.180273 0 0 
1.181273 0 0 
1.182273 0 0 
1.183272 0 0 
1.184272 0 0 
1.185272 0 0 
1.186271 0 0 
1.187271 0 0 
1.188271 0 0 
1.189270 0 0 
1.190270 0 0 
1.191270 0 0 
1.192269 0 0 
1.193269 0 0 
1.194269 0 0 
1.195268 0 0 
1.196268 0 0 
1.197268 0 0 
1.198267 0 0 
1.199267 0 0 
1.200267 0 0 
1.201266 0 0 
1.202266 0 0 
1.203266 0 0 
1.204265 0 0 
1.205265 0 0 
1.206265 0 0 
1.207264 0 0 
1.208264 0 0 
1.209264 0 0 
1.210263 0 0 
1.211263 0 0 
1.212263 0 0 
1.213262 0 0 
1.214262 0 0 
1.215262 0 0 
1.216261 0 0 
1.217261 0 0 
1.218261 0 0 
1.219260 0 0 
1.220260 0 0 
1.221260 0 0 
1.222259 0 0 
1.223259 0 0 
1.224259 0 0 
1.225258 0 0 
1.226258 0 0 
1.227258 0 0 
1.228257 0 0 
1.229257 0 0 
1.230257 0 0 
1.231256 0 0 
1.232256 0 0 
1.233256 0 0 
1.234255 0 0 
1.235255 0 0 
1.236255 0 0 
1.237254 0 0 
1.238254 0 0 
1.239254 0 0 
1.240253 0 0 
1.241253 0 0 
1.242253 0 0 
1.243252 0 0 
1.244252 0 0 
1.245252 0 0 
1.246251 0 0 
1.247251 0 0 
1.248251 0 0 
1.249250 0 0 
1.250250 0 0 
1.251250 0 0 
1.252249 0 0 
1.253249 0 0 
1.254249 0 0 
1.255248 0 0 
1.256248 0 0 
1.257248 0 0 
1.258247 0 0 
1.259247 0 0 
1.260247 0 0 
1.261246 0 0 
1.262246 0 0 
1.263246 0 0 
1.264245 0 0 
1.265245 0 0 
1.266245 0 0 
1.267244 0 0 
1.268244 0 0 
1.269244 0 0 
1.270243 0 0 
1.271243 0 0 
1.272243 0 0 
1.273242 0 0 
1.274242 0 0 
1.275242 0 0 
1.276241 0 0 
1.277241 0 0 
1.278241 0 0 
1.279240 0 0 
1.280240 0 0 
1.281240 0 0 
1.282239 0 0 
1.283239 0 0 
1.284239 0 0 
1.285238 0 0 
1.286238 0 0 
1.287238 0 0 
1.288237 0 0 
1.289237 0 0 
1.290237 0 0 
1.291236 0 0 
1.292236 0 0 
1.293236 0 0 
1.294235 0 0 
1.295235 0 0 
1.296235 0 0 
1.297234 0 0 
1.298234 0 0 
1.299234 0 0 
1.300233 0 0 
1.301233 0 0 
1.302233 0 0 
1.303232 0 0 
1.304232 0 0 
1.305232 0 0 
1.306231 0 0 
1.307231 0 0 
1.308231 0 0 
1.309230 0 0 
1.310230 0 0 
1.311230 0 0 
1.312229 0 0 
1.313229 0 0 
1.314229 0 0 
1.315228 0 0 
1.316228 0 0 
1.317228 0 0 
1.318227 0 0 
1.319227 0 0 
1.320227 0 0 
1.321226 0 0 
1.322226 0 0 
1.323226 0 0 
1.324225 0 0 
1.325225 0 0 
1.326225 0 0 
1.327224 0 0 
1.328224 0 0 
1.329224 0 0 
1.330223 0 0 
1.331223 0 0 
1.332223 0 0 
1.333222 0 0 
1.334222 0 0 
1.335222 0 0 
1.336221 0 0 
1.337221 0 0 
1.338221 0 0 
1.339220 0 0 
1.340220 0 0 
1.341220 0 0 
1.342219 0 0 
1.343219 0 0 
1.344219 0 0 
1.345218 0 0 
1.346218 0 0 
1.347218 0 0 
1.348217 0 0 
1.349217 0 0 
1.350217 0 0 
1.351216 0 0 
1.352216 0 0 
1.353216 0 0 
1.354215 0 0 
1.355215 0 0 
1.356215 0 0 
1.357214 0 0 
1.358214 0 0 
1.359214 0 0 
1.360213 0 0 
1.361213 0 0 
1.362213 0 0 
1.363212 0 0 
1.364212 0 0 
1.365212 0 0 
1.366211 0 0 
1.367211 0 0 
1.368211 0 0 
1.369210 0 0 
1.370210 0 0 
1.371210 0 0 
1.372209 0 0 
1.373209 0 0 
1.374209 0 0 
1.375208 0 0 
1.376208 0 0 
1.377208 0 0 
1.378207 0 0 
1.379207 0 0 
1.380207 0 0 
1.381206 0 0 
1.382206 0 0 
1.383206 0 0 
1.384205 0 0 
1.385205 0 0 
1.386205 0 0 
1.387204 0 0 
1.388204 0 0 
1.389204 0 0 
1.390203 0 0 
1.391203 0 0 
1.392203 0 0 
1.393202 0 0 
1.394202 0 0 
1.395202 0 0 
1.396201 0 0 
1.397201 0 0 
1.398201 0 0 
1.399200 0 0 
1.400200 0 0 
1.401200 0 0 
1.402199 0 0 
1.403199 0 0 
1.404199 0 0 
1.405198 0 0 
1.406198 0 0 
1.407198 0 0 
1.408197 0 0 
1.409197 0 0 
1.410197 0 0 
1.411196 0 0 
1.412196 0 0 
1.413196 0 0 
1.414195 0 0 
1.415195 0 0 
1.416195 0 0 
1.417194 0 0 
1.418194 0 0 
1.419194 0 0 
1.420193 0 0 
1.421193 0 0 
1.422193 0 0 
1.423192 0 0 
1.424192 0 0 
1.425192 0 0 
1.426191 0 0 
1.427191 0 0 
1.428191 0 0 
1.429190 0 0 
1.430190 0 0 
1.431190 0 0 
1.432189 0 0 
1.433189 0 0 
1.434189 0 0 
1.435188 0 0 
1.436188 0 0 
1.437188 0 0 
1.438187 0 0 
1.439187 0 0 
1.440187 0 0 
1.441186 0 0 
1.442186 0 0 
1.443186 0 0 
1.444185 0 0 
1.445185 0 0 
1.446185 0 0 
1.447184 0 0 
1.448184 0 0 
1.449184 0 0 
1.450183 0 0 
1.451183 0 0 
1.452183 0 0 
1.453182 0 0 
1.454182 0 0 
1.455182 0 0 
1.456181 0 0 
1.457181 0 0 
1.458181 0 0 
1.459180 0 0 
1.460180 0 0 
1.461180 0 0 
1.462179 0 0 
1.463179 0 0 
1.464179 0 0 
1.465178 0 0 
1.466178 0 0 
1.467178 0 0 
1.468177 0 0 
1.469177 0 0 
1.470177 0 0 
1.471176 0 0 
1.472176 0 0 
1.473176 0 0 
1.474175 0 0 
1.475175 0 0 
1.476175 0 0 
1.477174 0 0 
1.478174 0 0 
1.479174 0 0 
1.480173 0 0 
1.481173 0 0 
1.482173 0 0 
1.483172 0 0 
1.484172 0 0 
1.485172 0 0 
1.486171 0 0 
1.487171 0 0 
1.488171 0 0 
1.489170 0 0 
1.490170 0 0 
1.491170 0 0 
1.492169 0 0 
1.493169 0 0 
1.494169 0 0 
1.495168 0 0 
1.496168 0 0 
1.497168 0 0 
1.498167 0 0 
1.499167 0 0 
1.500167 0 0 
1.501166 0 0 
1.502166 0 0 
1.503166 0 0 
1.504165 0 0 
1.505165 0 0 
1.506165 0 0 
1.507164 0 0 
1.508164 0 0 
1.509164 0 0 
1.510163 0 0 
1.511163 0 0 
1.512163 0 0 
1.513162 0 0 
1.514162 0 0 
1.515162 0 0 
1.516161 0 0 
1.517161 0 0 
1.518161 0 0 
1.519160 0 0 
1.520160 0 0 
1.521160 0 0 
1.522159 0 0 
1.523159 0 0 
1.524159 0 0 
1.525158 0 0 
1.526158 0 0 
1.527158 0 0 
1.528157 0 0 
1.529157 0 0 
1.530157 0 0 
1.531156 0 0 
1.532156 0 0 
1.533156 0 0 
1.534155 0 0 
1.535155 0 0 
1.536155 0 0 
1.537154 0 0 
1.538154 0 0 
1.539154 0 0 
1.540153 0 0 
1.541153 0 0 
1.542153 0 0 
1.543152 0 0 
1.544152 0 0 
1.545152 0 0 
1.546151 0 0 
1.547151 0 0 
1.548151 0 0 
1.549150 0 0 
1.550150 0 0 
1.551150 0 0 
1.552149 0 0 
1.553149 0 0 
1.554149 0 0 
1.555148 0 0 
1.556148 0 0 
1.557148 0 0 
1.558147 0 0 
1.559147 0 0 
1.560147 0 0 
1.561146 0 0 
1.562146 0 0 
1.563146 0 0 
1.564145 0 0 
1.565145 0 0 
1.566145 0 0 
1.567144 0 0 
1.568144 0 0 
1.569144 0 0 
1.570143 0 0 
1.571143 0 0 
1.572143 0 0 
1.573142 0 0 
1.574142 0 0 
1.575142 0 0 
1.576141 0 0 
1.577141 0 0 
1.578141 0 0 
1.579140 0 0 
1.580140 0 0 
1.581140 0 0 
1.582139 0 0 
1.583139 0 0 
1.584139 0 0 
1.585138 0 0 
1.586138 0 0 
1.587138 0 0 
1.588137 0 0 
1.589137 0 0 
1.590137 0 0 
1.591136 0 0 
1.592136 0 0 
1.593136 0 0 
1.594135 0 0 
1.595135 0 0 
1.596135 0 0 
1.597134 0 0 
1.598134 0 0 
1.599134 0 0 
1.600133 0 0 
1.601133 0 0 
1.602133 0 0 
1.603132 0 0 
1.604132 0 0 
1.605132 0 0 
1.606131 0 0 
1.607131 0 0 
1.608131 0 0 
1.609130 0 0 
1.610130 0 0 
1.611130 0 0 
1.612129 0 0 
1.613129 0 0 
1.614129 0 0 
1.615128 0 0 
1.616128 0 0 
1.617128 0 0 
1.618127 0 0 
1.619127 0 0 
1.620127 0 0 
1.621126 0 0 
1.622126 0 0 
1.623126 0 0 
1.624125 0 0 
1.625125 0 0 
1.626125 0 0 
1.627124 0 0 
1.628124 0 0 
1.629124 0 0 
1.630123 0 0 
1.631123 0 0 
1.632123 0 0 
1.633122 0 0 
1.634122 0 0 
1.635122 0 0 
1.636121 0 0 
1.637121 0 0 
1.638121 0 0 
1.639120 0 0 
1.640120 0 0 
1.641120 0 0 
1.642119 0 0 
1.643119 0 0 
1.644119 0 0 
1.645118 0 0 
1.646118 0 0 
1.647118 0 0 
1.648117 0 0 
1.649117 0 0 
1.650117 0 0 
1.651116 0 0 
1.652116 0 0 
1.653116 0 0 
1.654115 0 0 
1.655115 0 0 
1.656115 0 0 
1.657114 0 0 
1.658114 0 0 
1.659114 0 0 
1.660113 0 0 
1.661113 0 0 
1.662113 0 0 
1.663112 0 0 
1.664112 0 0 
1.665112 0 0 
1.666111 0 0 
1.667111 0 0 
1.668111 0 0 
1.669110 0 0 
1.670110 0 0 
1.671110 0 0 
1.672109 0 0 
1.673109 0 0 
1.674109 0 0 
1.675108 0 0 
1.676108 0 0 
1.677108 0 0 
1.678107 0 0 
1.679107 0 0 
1.680107 0 0 
1.681106 0 0 
1.682106 0 0 
1.683106 0 0 
1.684105 0 0 
1.685105 0 0 
1.686105 0 0 
1.687104 0 0 
1.688104 0 0 
1.689104 0 0 
1.690103 0 0 
1.691103 0 0 
1.692103 0 0 
1.693102 0 0 
1.694102 0 0 
1.695102 0 0 
1.696101 0 0 
1.697101 0 0 
1.698101 0 0 
1.699100 0 0 
1.700100 0 0 
1.701100 0 0 
1.702099 0 0 
1.703099 0 0 
1.704099 0 0 
1.705098 0 0 
1.706098 0 0 
1.707098 0 0 
1.708097 0 0 
1.709097 0 0 
1.710097 0 0 
1.711096 0 0 
1.712096 0 0 
1.713096 0 0 
1.714095 0 0 
1.715095 0 0 
1.716095 0 0 
1.717094 0 0 
1.718094 0 0 
1.719094 0 0 
1.720093 0 0 
1.721093 0 0 
1.722093 0 0 
1.723092 0 0 
1.724092 0 0 
1.725092 0 0 
1.726091 0 0 
1.727091 0 0 
1.728091 0 0 
1.729090 0 0 
1.730090 0 0 
1.731090 0 0 
1.732089 0 0 
1.733089 0 0 
1.734089 0 0 
1.735088 0 0 
1.736088 0 0 
1.737088 0 0 
1.738087 0 0 
1.739087 0 0 
1.740087 0 0 
1.741086 0 0 
1.742086 0 0 
1.743086 0 0 
1.744085 0 0 
1.745085 0 0 
1.746085 0 0 
1.747084 0 0 
1.748084 0 0 
1.749084 0 0 
1.750083 0 0 
1.751083 0 0 
1.752083 0 0 
1.753082 0 0 
1.754082 0 0 
1.755082 0 0 
1.756081 0 0 
1.757081 0 0 
1.758081 0 0 
1.759080 0 0 
1.760080 0 0 
1.761080 0 0 
1.762079 0 0 
1.763079 0 0 
1.764079 0 0 
1.765078 0 0 
1.766078 0 0 
1.767078 0 0 
1.768077 0 0 
1.769077 0 0 
1.770077 0 0 
1.771076 0 0 
1.772076 0 0 
1.773076 0 0 
1.774075 0 0 
1.775075 0 0 
1.776075 0 0 
1.777074 0 0 
1.778074 0 0 
1.779074 0 0 
1.780073 0 0 
1.781073 0 0 
1.782073 0 0 
1.783072 0 0 
1.784072 0 0 
1.785072 0 0 
1.786071 0 0 
1.787071 0 0 
1.788071 0 0 
1.789070 0 0 
1.790070 0 0 
1.791070 0 0 
1.792069 0 0 
1.793069 0 0 
1.794069 0 0 
1.795068 0 0 
1.796068 0 0 
1.797068 0 0 
1.798067 0 0 
1.799067 0 0 
1.800067 0 0 
1.801066 0 0 
1.802066 0 0 
1.803066 0 0 
1.804065 0 0 
1.805065 0 0 
1.806065 0 0 
1.807064 0 0 
1.808064 0 0 
1.809064 0 0 
1.810063 0 0 
1.811063 0 0 
1.812063 0 0 
1.813062 0 0 
1.814062 0 0 
1.815062 0 0 
1.816061 0 0 
1.817061 0 0 
1.818061 0 0 
1.819060 0 0 
1.820060 0 0 
1.821060 0 0 
1.822059 0 0 
1.823059 0 0 
1.824059 0 0 
1.825058 0 0 
1.826058 0 0 
1.827058 0 0 
1.828057 0 0 
1.829057 0 0 
1.830057 0 0 
1.831056 0 0 
1.832056 0 0 
1.833056 0 0 
1.834055 0 0 
1.835055 0 0 
1.836055 0 0 
1.837054 0 0 
1.838054 0 0 
1.839054 0 0 
1.840053 0 0 
1.841053 0 0 
1.842053 0 0 
1.843052 0 0 
1.844052 0 0 
1.845052 0 0 
1.846051 0 0 
1.847051 0 0 
1.848051 0 0 
1.849050 0 0 
1.850050 0 0 
1.851050 0 0 
1.852049 0 0 
1.853049 0 0 
1.854049 0 0 
1.855048 0 0 
1.856048 0 0 
1.857048 0 0 
1.858047 0 0 
1.859047 0 0 
1.860047 0 0 
1.861046 0 0 
1.862046 0 0 
1.863046 0 0 
1.864045 0 0 
1.865045 0 0 
1.866045 0 0 
1.867044 0 0 
1.868044 0 0 
1.869044 0 0 
1.870043 0 0 
1.871043 0 0 
1.872043 0 0 
1.873042 0 0 
1.874042 0 0 
1.875042 0 0 
1.876041 0 0 
1.877041 0 0 
1.878041 0 0 
1.879040 0 0 
1.880040 0 0 
1.881040 0 0 
1.882039 0 0 
1.883039 0 0 
1.884039 0 0 
1.885038 0 0 
1.886038 0 0 
1.887038 0 0 
1.888037 0 0 
1.889037 0 0 
1.890037 0 0 
1.891036 0 0 
1.892036 0 0 
1.893036 0 0 
1.894035 0 0 
1.895035 0 0 
1.896035 0 0 
1.897034 0 0 
1.898034 0 0 
1.899034 0 0 
1.900033 0 0 
1.901033 0 0 
1.902033 0 0 
1.903032 0 0 
1.904032 0 0 
1.905032 0 0 
1.906031 0 0 
1.907031 0 0 
1.908031 0 0 
1.909030 0 0 
1.910030 0 0 
1.911030 0 0 
1.912029 0 0 
1.913029 0 0 
1.914029 0 0 
1.915028 0 0 
1.916028 0 0 
1.917028 0 0 
1.918027 0 0 
1.919027 0 0 
1.920027 0 0 
1.921026 0 0 
1.922026 0 0 
1.923026 0 0 
1.924025 0 0 
1.925025 0 0 
1.926025 0 0 
1.927024 0 0 
1.928024 0 0 
1.929024 0 0 
1.930023 0 0 
1.931023 0 0 
1.932023 0 0 
1.933022 0 0 
1.934022 0 0 
1.935022 0 0 
1.936021 0 0 
1.937021 0 0 
1.938021 0 0 
1.939020 0 0 
1.940020 0 0 
1.941020 0 0 
1.942019 0 0 
1.943019 0 0 
1.944019 0 0 
1.945018 0 0 
1.946018 0 0 
1.947018 0 0 
1.948017 0 0 
1.949017 0 0 
1.950017 0 0 
1.951016 0 0 
1.952016 0 0 
1.953016 0 0 
1.954015 0 0 
1.955015 0 0 
1.956015 0 0 
1.957014 0 0 
1.958014 0 0 
1.959014 0 0 
1.960013 0 0 
1.961013 0 0 
1.962013 0 0 
1.963012 0 0 
1.964012 0 0 
1.965012 0 0 
1.966011 0 0 
1.967011 0 0 
1.968011 0 0 
1.969010 0 0 
1.970010 0 0 
1.971010 0 0 
1.972009 0 0 
1.973009 0 0 
1.974009 0 0 
1.975008 0 0 
1.976008 0 0 
1.977008 0 0 
1.978007 0 0 
1.979007 0 0 
1.980007 0 0 
1.981006 0 0 
1.982006 0 0 
1.983006 0 0 
1.984005 0 0 
1.985005 0 0 
1.986005 0 0 
1.987004 0 0 
1.988004 0 0 
1.989004 0 0 
1.990003 0 0 
1.991003 0 0 
1.992003 0 0 
1.993002 0 0 
1.994002 0 0 
1.995002 0 0 
1.996001 0 0 
1.997001 0 0 
1.998001 0 0 
1.999000 0 0 
