0.1 0.1 0.00649737 0.02 0.01 0.02  0.256497     SS 13608.7 --> 13608.7 R2 = 0
0.1 0.1 0.00649737 0.02 0.00649737 0.02  0.252995     SS 13608.7 --> 13608.7 R2 = 0
0.15 0.1 0.00649737 0.02 0.00649737 0.02  0.302995     SS 13608.7 --> 12195.4 R2 = 0.103853
0.15 0.1 0.00649737 0.0129701 0.00649737 0.02  0.295965     SS 13608.7 --> 12195.4 R2 = 0.103853
0.145434 0.1 0.00649737 0.0129701 0.00649737 0.02  0.291399     SS 13608.7 --> 12195.4 R2 = 0.103853
0.145434 0.1 0.00649737 0.0129701 0.00649737 0.0129701  0.284369     SS 13608.7 --> 12195.4 R2 = 0.103853
0.140868 0.1 0.00649737 0.0129701 0.00649737 0.0129701  0.279803     SS 13608.7 --> 12195.4 R2 = 0.103853
0.136303 0.1 0.00649737 0.0129701 0.00649737 0.0129701  0.275238     SS 13608.7 --> 12195.4 R2 = 0.103853
0.131739 0.1 0.00649737 0.0129701 0.00649737 0.0129701  0.270674     SS 13608.7 --> 12195.4 R2 = 0.103853
0.127176 0.1 0.00649737 0.0129701 0.00649737 0.0129701  0.266111     SS 13608.7 --> 12195.4 R2 = 0.103853
0.122613 0.1 0.00649737 0.0129701 0.00649737 0.0129701  0.261548     SS 13608.7 --> 12195.4 R2 = 0.103853
0.118051 0.1 0.00649737 0.0129701 0.00649737 0.0129701  0.256986     SS 13608.7 --> 12195.4 R2 = 0.103853
0.11349 0.1 0.00649737 0.0129701 0.00649737 0.0129701  0.252425     SS 13608.7 --> 12195.4 R2 = 0.103853
0.10893 0.1 0.00649737 0.0129701 0.00649737 0.0129701  0.247865     SS 13608.7 --> 12195.4 R2 = 0.103853
0.15893 0.1 0.00649737 0.0129701 0.00649737 0.0129701  0.297865     SS 13608.7 --> 11090 R2 = 0.185086
0.151972 0.1 0.00649737 0.0129701 0.00649737 0.0129701  0.290907     SS 13608.7 --> 11090 R2 = 0.185086
0.145016 0.1 0.00649737 0.0129701 0.00649737 0.0129701  0.283951     SS 13608.7 --> 11090 R2 = 0.185086
0.138062 0.1 0.00649737 0.0129701 0.00649737 0.0129701  0.276997     SS 13608.7 --> 11090 R2 = 0.185086
0.131111 0.1 0.00649737 0.0129701 0.00649737 0.0129701  0.270046     SS 13608.7 --> 11090 R2 = 0.185086
0.124163 0.1 0.00649737 0.0129701 0.00649737 0.0129701  0.263098     SS 13608.7 --> 11090 R2 = 0.185086
0.117217 0.1 0.00649737 0.0129701 0.00649737 0.0129701  0.256152     SS 13608.7 --> 11090 R2 = 0.185086
0.110274 0.1 0.00649737 0.0129701 0.00649737 0.0129701  0.249209     SS 13608.7 --> 11090 R2 = 0.185086
0.103334 0.1 0.00649737 0.0129701 0.00649737 0.0129701  0.242269     SS 13608.7 --> 11090 R2 = 0.185086
0.0963971 0.1 0.00649737 0.0129701 0.00649737 0.0129701  0.235332     SS 13608.7 --> 11090 R2 = 0.185086
0.0894639 0.1 0.00649737 0.0129701 0.00649737 0.0129701  0.228399     SS 13608.7 --> 11090 R2 = 0.185086
0.0825343 0.1 0.00649737 0.0129701 0.00649737 0.0129701  0.221469     SS 13608.7 --> 11090 R2 = 0.185086
0.0756088 0.1 0.00649737 0.0129701 0.00649737 0.0129701  0.214544     SS 13608.7 --> 11090 R2 = 0.185086
0.0686877 0.1 0.00649737 0.0129701 0.00649737 0.0129701  0.207623     SS 13608.7 --> 11090 R2 = 0.185086
0.0617715 0.1 0.00649737 0.0129701 0.00649737 0.0129701  0.200706     SS 13608.7 --> 11090 R2 = 0.185086
0.0548605 0.1 0.00649737 0.0129701 0.00649737 0.0129701  0.193796     SS 13608.7 --> 11090 R2 = 0.185086
0.0479556 0.1 0.00649737 0.0129701 0.00649737 0.0129701  0.186891     SS 13608.7 --> 11090 R2 = 0.185086
0.0410576 0.1 0.00649737 0.0129701 0.00649737 0.0129701  0.179993     SS 13608.7 --> 11090 R2 = 0.185086
0.0341675 0.1 0.00649737 0.0129701 0.00649737 0.0129701  0.173102     SS 13608.7 --> 11090 R2 = 0.185086
0.027287 0.1 0.00649737 0.0129701 0.00649737 0.0129701  0.166222     SS 13608.7 --> 11090 R2 = 0.185086
0.0204184 0.1 0.00649737 0.0129701 0.00649737 0.0129701  0.159353     SS 13608.7 --> 11090 R2 = 0.185086
0.0135656 0.1 0.00649737 0.0129701 0.00649737 0.0129701  0.152501     SS 13608.7 --> 11090 R2 = 0.185086
0.00673648 0.1 0.00649737 0.0129701 0.00649737 0.0129701  0.145671     SS 13608.7 --> 11090 R2 = 0.185086
-4.5688e-05 0.1 0.00649737 0.0129701 0.00649737 0.0129701  0.138889     SS 13608.7 --> 11090 R2 = 0.185086
-4.5688e-05 0.1 0.00649737 0.00842244 0.00649737 0.0129701  0.134342     SS 13608.7 --> 11090 R2 = 0.185086
-4.5688e-05 0.1 0.00649737 0.00842244 0.00649737 0.00842244  0.129794     SS 13608.7 --> 11090 R2 = 0.185086
-4.5688e-05 0.1 0.00422437 0.00842244 0.00649737 0.00842244  0.127521     SS 13608.7 --> 11090 R2 = 0.185086
-4.5688e-05 0.1 0.00422437 0.00842244 0.00422437 0.00842244  0.125248     SS 13608.7 --> 11090 R2 = 0.185086
-4.5688e-05 0.1 0.00422437 0.00695039 0.00422437 0.00842244  0.123776     SS 13608.7 --> 11090 R2 = 0.185086
-4.5688e-05 0.1 0.00422437 0.00695039 0.00422437 0.00695039  0.122304     SS 13608.7 --> 11090 R2 = 0.185086
-4.5688e-05 0.1 0.00348659 0.00695039 0.00422437 0.00695039  0.121566     SS 13608.7 --> 11090 R2 = 0.185086
-4.5688e-05 0.1 0.00348659 0.00695039 0.00348659 0.00695039  0.120828     SS 13608.7 --> 11090 R2 = 0.185086
-4.5688e-05 0.1 0.00348659 0.00643993 0.00348659 0.00695039  0.120318     SS 13608.7 --> 11090 R2 = 0.185086
-4.5688e-05 0.1 0.00348659 0.00643993 0.00348659 0.00643993  0.119807     SS 13608.7 --> 11090 R2 = 0.185086
-4.5688e-05 0.1 0.00348659 0.00615887 0.00348659 0.00643993  0.119526     SS 13608.7 --> 11090 R2 = 0.185086
-4.5688e-05 0.1 0.00348659 0.00615887 0.00348659 0.00615887  0.119245     SS 13608.7 --> 11090 R2 = 0.185086
-4.5688e-05 0.1 0.00323059 0.00615887 0.00348659 0.00615887  0.118989     SS 13608.7 --> 11090 R2 = 0.185086
-4.5688e-05 0.1 0.00323059 0.00615887 0.00323059 0.00615887  0.118733     SS 13608.7 --> 11090 R2 = 0.185086
-4.5688e-05 0.0998316 0.00323059 0.00615887 0.00323059 0.00615887  0.118565     SS 13608.7 --> 11090 R2 = 0.185086
-4.5688e-05 0.0996632 0.00323059 0.00615887 0.00323059 0.00615887  0.118396     SS 13608.7 --> 11090 R2 = 0.185086
-4.5688e-05 0.0994949 0.00323059 0.00615887 0.00323059 0.00615887  0.118228     SS 13608.7 --> 11090 R2 = 0.185086
-4.5688e-05 0.0993265 0.00323059 0.00615887 0.00323059 0.00615887  0.11806     SS 13608.7 --> 11090 R2 = 0.185086
-4.5688e-05 0.0991581 0.00323059 0.00615887 0.00323059 0.00615887  0.117891     SS 13608.7 --> 11090 R2 = 0.185086
-4.5688e-05 0.0989897 0.00323059 0.00615887 0.00323059 0.00615887  0.117723     SS 13608.7 --> 11090 R2 = 0.185086
-4.5688e-05 0.0988214 0.00323059 0.00615887 0.00323059 0.00615887  0.117555     SS 13608.7 --> 11090 R2 = 0.185086
-4.5688e-05 0.098653 0.00323059 0.00615887 0.00323059 0.00615887  0.117386     SS 13608.7 --> 11090 R2 = 0.185086
-4.5688e-05 0.0984846 0.00323059 0.00615887 0.00323059 0.00615887  0.117218     SS 13608.7 --> 11090 R2 = 0.185086
-4.5688e-05 0.0983162 0.00323059 0.00615887 0.00323059 0.00615887  0.117049     SS 13608.7 --> 11090 R2 = 0.185086
-4.5688e-05 0.0981478 0.00323059 0.00615887 0.00323059 0.00615887  0.116881     SS 13608.7 --> 11090 R2 = 0.185086
-4.5688e-05 0.0979795 0.00323059 0.00615887 0.00323059 0.00615887  0.116713     SS 13608.7 --> 11090 R2 = 0.185086
-4.5688e-05 0.0978111 0.00323059 0.00615887 0.00323059 0.00615887  0.116544     SS 13608.7 --> 11090 R2 = 0.185086
-4.5688e-05 0.0976427 0.00323059 0.00615887 0.00323059 0.00615887  0.116376     SS 13608.7 --> 11090 R2 = 0.185086
-4.5688e-05 0.0974743 0.00323059 0.00615887 0.00323059 0.00615887  0.116208     SS 13608.7 --> 11090 R2 = 0.185086
-4.5688e-05 0.0973059 0.00323059 0.00615887 0.00323059 0.00615887  0.116039     SS 13608.7 --> 11090 R2 = 0.185086
-4.5688e-05 0.0971376 0.00323059 0.00615887 0.00323059 0.00615887  0.115871     SS 13608.7 --> 11090 R2 = 0.185086
-4.5688e-05 0.0969692 0.00323059 0.00615887 0.00323059 0.00615887  0.115702     SS 13608.7 --> 11090 R2 = 0.185086
-4.5688e-05 0.0968008 0.00323059 0.00615887 0.00323059 0.00615887  0.115534     SS 13608.7 --> 11090 R2 = 0.185086
-4.5688e-05 0.0966324 0.00323059 0.00615887 0.00323059 0.00615887  0.115366     SS 13608.7 --> 11090 R2 = 0.185086
-4.5688e-05 0.0964641 0.00323059 0.00615887 0.00323059 0.00615887  0.115197     SS 13608.7 --> 11090 R2 = 0.185086
-4.5688e-05 0.0962957 0.00323059 0.00615887 0.00323059 0.00615887  0.115029     SS 13608.7 --> 11090 R2 = 0.185086
-4.5688e-05 0.096127 0.00323059 0.00615887 0.00323059 0.00615887  0.11486     SS 13608.7 --> 11090 R2 = 0.185086
-4.5688e-05 0.0959583 0.00323059 0.00615887 0.00323059 0.00615887  0.114692     SS 13608.7 --> 11090 R2 = 0.185086
-4.5688e-05 0.0957897 0.00323059 0.00615887 0.00323059 0.00615887  0.114523     SS 13608.7 --> 11090 R2 = 0.185086
-4.5688e-05 0.095621 0.00323059 0.00615887 0.00323059 0.00615887  0.114354     SS 13608.7 --> 11090 R2 = 0.185086
-4.5688e-05 0.0954523 0.00323059 0.00615887 0.00323059 0.00615887  0.114186     SS 13608.7 --> 11090 R2 = 0.185086
-4.5688e-05 0.0954523 0.00323059 0.00615887 0.00323059 0.00615887  0.114186     SS 13608.7 --> 11090 R2 = 0.185086
-4.5688e-05 0.0952831 0.00323059 0.00615887 0.00323059 0.00615887  0.114016     SS 13608.7 --> 11090 R2 = 0.185086
-4.5688e-05 0.0951138 0.00323059 0.00615887 0.00323059 0.00615887  0.113847     SS 13608.7 --> 11090 R2 = 0.185086
-4.5688e-05 0.0949445 0.00323059 0.00615887 0.00323059 0.00615887  0.113678     SS 13608.7 --> 11090 R2 = 0.185086
-4.5688e-05 0.0947752 0.00323059 0.00615887 0.00323059 0.00615887  0.113508     SS 13608.7 --> 11090 R2 = 0.185086
-4.5688e-05 0.094606 0.00323059 0.00615887 0.00323059 0.00615887  0.113339     SS 13608.7 --> 11090 R2 = 0.185086
-4.5688e-05 0.0944367 0.00323059 0.00615887 0.00323059 0.00615887  0.11317     SS 13608.7 --> 11090 R2 = 0.185086
-4.5688e-05 0.0942674 0.00323059 0.00615887 0.00323059 0.00615887  0.113001     SS 13608.7 --> 11090 R2 = 0.185086
-4.5688e-05 0.0940979 0.00323059 0.00615887 0.00323059 0.00615887  0.112831     SS 13608.7 --> 11090 R2 = 0.185086
-4.5688e-05 0.0939283 0.00323059 0.00615887 0.00323059 0.00615887  0.112662     SS 13608.7 --> 11090 R2 = 0.185086
-4.5688e-05 0.0937587 0.00323059 0.00615887 0.00323059 0.00615887  0.112492     SS 13608.7 --> 11090 R2 = 0.185086
-4.5688e-05 0.0935891 0.00323059 0.00615887 0.00323059 0.00615887  0.112322     SS 13608.7 --> 11090 R2 = 0.185086
-4.5688e-05 0.0934196 0.00323059 0.00615887 0.00323059 0.00615887  0.112153     SS 13608.7 --> 11090 R2 = 0.185086
-4.5688e-05 0.09325 0.00323059 0.00615887 0.00323059 0.00615887  0.111983     SS 13608.7 --> 11090 R2 = 0.185086
-4.5688e-05 0.0930804 0.00323059 0.00615887 0.00323059 0.00615887  0.111814     SS 13608.7 --> 11090 R2 = 0.185086
-4.5688e-05 0.0930804 0.00323059 0.00615887 0.00323059 0.00615887  0.111814     SS 13608.7 --> 11090 R2 = 0.185086
-4.5688e-05 0.0929102 0.00323059 0.00615887 0.00323059 0.00615887  0.111643     SS 13608.7 --> 11090 R2 = 0.185086
-4.5688e-05 0.09274 0.00323059 0.00615887 0.00323059 0.00615887  0.111473     SS 13608.7 --> 11090 R2 = 0.185086
-4.5688e-05 0.0925698 0.00323059 0.00615887 0.00323059 0.00615887  0.111303     SS 13608.7 --> 11090 R2 = 0.185086
-4.5688e-05 0.0923996 0.00323059 0.00615887 0.00323059 0.00615887  0.111133     SS 13608.7 --> 11090 R2 = 0.185086
-4.5688e-05 0.0922294 0.00323059 0.00615887 0.00323059 0.00615887  0.110963     SS 13608.7 --> 11090 R2 = 0.185086
-4.5688e-05 0.0920592 0.00323059 0.00615887 0.00323059 0.00615887  0.110792     SS 13608.7 --> 11090 R2 = 0.185086
-4.5688e-05 0.0918891 0.00323059 0.00615887 0.00323059 0.00615887  0.110622     SS 13608.7 --> 11090 R2 = 0.185086
-4.5688e-05 0.0917189 0.00323059 0.00615887 0.00323059 0.00615887  0.110452     SS 13608.7 --> 11090 R2 = 0.185086
-4.5688e-05 0.0915487 0.00323059 0.00615887 0.00323059 0.00615887  0.110282     SS 13608.7 --> 11090 R2 = 0.185086
-4.5688e-05 0.0913785 0.00323059 0.00615887 0.00323059 0.00615887  0.110112     SS 13608.7 --> 11090 R2 = 0.185086
-4.5688e-05 0.0912083 0.00323059 0.00615887 0.00323059 0.00615887  0.109942     SS 13608.7 --> 11090 R2 = 0.185086
-4.5688e-05 0.0910381 0.00323059 0.00615887 0.00323059 0.00615887  0.109771     SS 13608.7 --> 11090 R2 = 0.185086
-4.5688e-05 0.0908679 0.00323059 0.00615887 0.00323059 0.00615887  0.109601     SS 13608.7 --> 11090 R2 = 0.185086
-4.5688e-05 0.0906977 0.00323059 0.00615887 0.00323059 0.00615887  0.109431     SS 13608.7 --> 11090 R2 = 0.185086
-4.5688e-05 0.0905275 0.00323059 0.00615887 0.00323059 0.00615887  0.109261     SS 13608.7 --> 11090 R2 = 0.185086
-4.5688e-05 0.0903573 0.00323059 0.00615887 0.00323059 0.00615887  0.109091     SS 13608.7 --> 11090 R2 = 0.185086
-4.5688e-05 0.0901871 0.00323059 0.00615887 0.00323059 0.00615887  0.10892     SS 13608.7 --> 11090 R2 = 0.185086
-4.5688e-05 0.0900169 0.00323059 0.00615887 0.00323059 0.00615887  0.10875     SS 13608.7 --> 11090 R2 = 0.185086
-4.5688e-05 0.0898467 0.00323059 0.00615887 0.00323059 0.00615887  0.10858     SS 13608.7 --> 11090 R2 = 0.185086
-4.5688e-05 0.0896765 0.00323059 0.00615887 0.00323059 0.00615887  0.10841     SS 13608.7 --> 11090 R2 = 0.185086
-4.5688e-05 0.0895063 0.00323059 0.00615887 0.00323059 0.00615887  0.10824     SS 13608.7 --> 11090 R2 = 0.185086
-4.5688e-05 0.0893361 0.00323059 0.00615887 0.00323059 0.00615887  0.108069     SS 13608.7 --> 11090 R2 = 0.185086
-4.5688e-05 0.089166 0.00323059 0.00615887 0.00323059 0.00615887  0.107899     SS 13608.7 --> 11090 R2 = 0.185086
-4.5688e-05 0.0889958 0.00323059 0.00615887 0.00323059 0.00615887  0.107729     SS 13608.7 --> 11090 R2 = 0.185086
-4.5688e-05 0.0888256 0.00323059 0.00615887 0.00323059 0.00615887  0.107559     SS 13608.7 --> 11090 R2 = 0.185086
-4.5688e-05 0.0886554 0.00323059 0.00615887 0.00323059 0.00615887  0.107389     SS 13608.7 --> 11090 R2 = 0.185086
-4.5688e-05 0.0884852 0.00323059 0.00615887 0.00323059 0.00615887  0.107218     SS 13608.7 --> 11090 R2 = 0.185086
-4.5688e-05 0.088315 0.00323059 0.00615887 0.00323059 0.00615887  0.107048     SS 13608.7 --> 11090 R2 = 0.185086
-4.5688e-05 0.0881448 0.00323059 0.00615887 0.00323059 0.00615887  0.106878     SS 13608.7 --> 11090 R2 = 0.185086
-4.5688e-05 0.0879746 0.00323059 0.00615887 0.00323059 0.00615887  0.106708     SS 13608.7 --> 11090 R2 = 0.185086
-4.5688e-05 0.0878044 0.00323059 0.00615887 0.00323059 0.00615887  0.106538     SS 13608.7 --> 11090 R2 = 0.185086
-4.5688e-05 0.0876342 0.00323059 0.00615887 0.00323059 0.00615887  0.106367     SS 13608.7 --> 11090 R2 = 0.185086
-4.5688e-05 0.087464 0.00323059 0.00615887 0.00323059 0.00615887  0.106197     SS 13608.7 --> 11090 R2 = 0.185086
-4.5688e-05 0.0872938 0.00323059 0.00615887 0.00323059 0.00615887  0.106027     SS 13608.7 --> 11090 R2 = 0.185086
-4.5688e-05 0.0871236 0.00323059 0.00615887 0.00323059 0.00615887  0.105857     SS 13608.7 --> 11090 R2 = 0.185086
-4.5688e-05 0.0869535 0.00323059 0.00615887 0.00323059 0.00615887  0.105687     SS 13608.7 --> 11090 R2 = 0.185086
-4.5688e-05 0.0867833 0.00323059 0.00615887 0.00323059 0.00615887  0.105516     SS 13608.7 --> 11090 R2 = 0.185086
-4.5688e-05 0.0866131 0.00323059 0.00615887 0.00323059 0.00615887  0.105346     SS 13608.7 --> 11090 R2 = 0.185086
-4.5688e-05 0.0864429 0.00323059 0.00615887 0.00323059 0.00615887  0.105176     SS 13608.7 --> 11090 R2 = 0.185086
-4.5688e-05 0.0862727 0.00323059 0.00615887 0.00323059 0.00615887  0.105006     SS 13608.7 --> 11090 R2 = 0.185086
-4.5688e-05 0.0861025 0.00323059 0.00615887 0.00323059 0.00615887  0.104836     SS 13608.7 --> 11090 R2 = 0.185086
-4.5688e-05 0.0859323 0.00323059 0.00615887 0.00323059 0.00615887  0.104666     SS 13608.7 --> 11090 R2 = 0.185086
-4.5688e-05 0.0857621 0.00323059 0.00615887 0.00323059 0.00615887  0.104495     SS 13608.7 --> 11090 R2 = 0.185086
-4.5688e-05 0.0855919 0.00323059 0.00615887 0.00323059 0.00615887  0.104325     SS 13608.7 --> 11090 R2 = 0.185086
-4.5688e-05 0.0854217 0.00323059 0.00615887 0.00323059 0.00615887  0.104155     SS 13608.7 --> 11090 R2 = 0.185086
-4.5688e-05 0.0852515 0.00323059 0.00615887 0.00323059 0.00615887  0.103985     SS 13608.7 --> 11090 R2 = 0.185086
-4.5688e-05 0.0850813 0.00323059 0.00615887 0.00323059 0.00615887  0.103815     SS 13608.7 --> 11090 R2 = 0.185086
-4.5688e-05 0.0849111 0.00323059 0.00615887 0.00323059 0.00615887  0.103644     SS 13608.7 --> 11090 R2 = 0.185086
-4.5688e-05 0.084741 0.00323059 0.00615887 0.00323059 0.00615887  0.103474     SS 13608.7 --> 11090 R2 = 0.185086
-4.5688e-05 0.0845708 0.00323059 0.00615887 0.00323059 0.00615887  0.103304     SS 13608.7 --> 11090 R2 = 0.185086
-4.5688e-05 0.0844006 0.00323059 0.00615887 0.00323059 0.00615887  0.103134     SS 13608.7 --> 11090 R2 = 0.185086
-4.5688e-05 0.0842304 0.00323059 0.00615887 0.00323059 0.00615887  0.102964     SS 13608.7 --> 11090 R2 = 0.185086
-4.5688e-05 0.0840602 0.00323059 0.00615887 0.00323059 0.00615887  0.102793     SS 13608.7 --> 11090 R2 = 0.185086
-4.5688e-05 0.08389 0.00323059 0.00615887 0.00323059 0.00615887  0.102623     SS 13608.7 --> 11090 R2 = 0.185086
-4.5688e-05 0.0837198 0.00323059 0.00615887 0.00323059 0.00615887  0.102453     SS 13608.7 --> 11090 R2 = 0.185086
-4.5688e-05 0.0835496 0.00323059 0.00615887 0.00323059 0.00615887  0.102283     SS 13608.7 --> 11090 R2 = 0.185086
-4.5688e-05 0.0833794 0.00323059 0.00615887 0.00323059 0.00615887  0.102113     SS 13608.7 --> 11090 R2 = 0.185086
-4.5688e-05 0.0832092 0.00323059 0.00615887 0.00323059 0.00615887  0.101942     SS 13608.7 --> 11090 R2 = 0.185086
-4.5688e-05 0.083039 0.00323059 0.00615887 0.00323059 0.00615887  0.101772     SS 13608.7 --> 11090 R2 = 0.185086
-4.5688e-05 0.0828689 0.00323059 0.00615887 0.00323059 0.00615887  0.101602     SS 13608.7 --> 11090 R2 = 0.185086
-4.5688e-05 0.0826987 0.00323059 0.00615887 0.00323059 0.00615887  0.101432     SS 13608.7 --> 11090 R2 = 0.185086
-4.5688e-05 0.0825285 0.00323059 0.00615887 0.00323059 0.00615887  0.101262     SS 13608.7 --> 11090 R2 = 0.185086
-4.5688e-05 0.0823583 0.00323059 0.00615887 0.00323059 0.00615887  0.101092     SS 13608.7 --> 11090 R2 = 0.185086
-4.5688e-05 0.0821881 0.00323059 0.00615887 0.00323059 0.00615887  0.100921     SS 13608.7 --> 11090 R2 = 0.185086
-4.5688e-05 0.0820179 0.00323059 0.00615887 0.00323059 0.00615887  0.100751     SS 13608.7 --> 11090 R2 = 0.185086
-4.5688e-05 0.0818477 0.00323059 0.00615887 0.00323059 0.00615887  0.100581     SS 13608.7 --> 11090 R2 = 0.185086
-4.5688e-05 0.0816775 0.00323059 0.00615887 0.00323059 0.00615887  0.100411     SS 13608.7 --> 11090 R2 = 0.185086
-4.5688e-05 0.0815073 0.00323059 0.00615887 0.00323059 0.00615887  0.100241     SS 13608.7 --> 11090 R2 = 0.185086
-4.5688e-05 0.0813371 0.00323059 0.00615887 0.00323059 0.00615887  0.10007     SS 13608.7 --> 11090 R2 = 0.185086
-4.5688e-05 0.0811669 0.00323059 0.00615887 0.00323059 0.00615887  0.0999002     SS 13608.7 --> 11090 R2 = 0.185086
-4.5688e-05 0.0809968 0.00323059 0.00615887 0.00323059 0.00615887  0.09973     SS 13608.7 --> 11090 R2 = 0.185086
-4.5688e-05 0.0808266 0.00323059 0.00615887 0.00323059 0.00615887  0.0995598     SS 13608.7 --> 11090 R2 = 0.185086
-4.5688e-05 0.0806564 0.00323059 0.00615887 0.00323059 0.00615887  0.0993896     SS 13608.7 --> 11090 R2 = 0.185086
-4.5688e-05 0.0804862 0.00323059 0.00615887 0.00323059 0.00615887  0.0992194     SS 13608.7 --> 11090 R2 = 0.185086
-4.5688e-05 0.080316 0.00323059 0.00615887 0.00323059 0.00615887  0.0990492     SS 13608.7 --> 11090 R2 = 0.185086
-4.5688e-05 0.0801458 0.00323059 0.00615887 0.00323059 0.00615887  0.098879     SS 13608.7 --> 11090 R2 = 0.185086
-4.5688e-05 0.0799756 0.00323059 0.00615887 0.00323059 0.00615887  0.0987089     SS 13608.7 --> 11090 R2 = 0.185086
-4.5688e-05 0.0798054 0.00323059 0.00615887 0.00323059 0.00615887  0.0985387     SS 13608.7 --> 11090 R2 = 0.185086
-4.5688e-05 0.0796352 0.00323059 0.00615887 0.00323059 0.00615887  0.0983685     SS 13608.7 --> 11090 R2 = 0.185086
-4.5688e-05 0.079465 0.00323059 0.00615887 0.00323059 0.00615887  0.0981983     SS 13608.7 --> 11090 R2 = 0.185086
-4.5688e-05 0.0792949 0.00323059 0.00615887 0.00323059 0.00615887  0.0980281     SS 13608.7 --> 11090 R2 = 0.185086
-4.5688e-05 0.0791247 0.00323059 0.00615887 0.00323059 0.00615887  0.0978579     SS 13608.7 --> 11090 R2 = 0.185086
-4.5688e-05 0.0789545 0.00323059 0.00615887 0.00323059 0.00615887  0.0976877     SS 13608.7 --> 11090 R2 = 0.185086
-4.5688e-05 0.0787843 0.00323059 0.00615887 0.00323059 0.00615887  0.0975175     SS 13608.7 --> 11090 R2 = 0.185086
-4.5688e-05 0.0786141 0.00323059 0.00615887 0.00323059 0.00615887  0.0973473     SS 13608.7 --> 11090 R2 = 0.185086
-4.5688e-05 0.0784439 0.00323059 0.00615887 0.00323059 0.00615887  0.0971771     SS 13608.7 --> 11090 R2 = 0.185086
-4.5688e-05 0.0782737 0.00323059 0.00615887 0.00323059 0.00615887  0.097007     SS 13608.7 --> 11090 R2 = 0.185086
-4.5688e-05 0.0781035 0.00323059 0.00615887 0.00323059 0.00615887  0.0968368     SS 13608.7 --> 11090 R2 = 0.185086
-4.5688e-05 0.0779333 0.00323059 0.00615887 0.00323059 0.00615887  0.0966666     SS 13608.7 --> 11090 R2 = 0.185086
-4.5688e-05 0.0777632 0.00323059 0.00615887 0.00323059 0.00615887  0.0964964     SS 13608.7 --> 11090 R2 = 0.185086
-4.5688e-05 0.0775926 0.00323059 0.00615887 0.00323059 0.00615887  0.0963258     SS 13608.7 --> 11090 R2 = 0.185086
-4.5688e-05 0.077422 0.00323059 0.00615887 0.00323059 0.00615887  0.0961553     SS 13608.7 --> 11090 R2 = 0.185086
-4.5688e-05 0.0772515 0.00323059 0.00615887 0.00323059 0.00615887  0.0959847     SS 13608.7 --> 11090 R2 = 0.185086
-4.5688e-05 0.0770809 0.00323059 0.00615887 0.00323059 0.00615887  0.0958141     SS 13608.7 --> 11090 R2 = 0.185086
-4.5688e-05 0.0769103 0.00323059 0.00615887 0.00323059 0.00615887  0.0956436     SS 13608.7 --> 11090 R2 = 0.185086
-4.5688e-05 0.0767398 0.00323059 0.00615887 0.00323059 0.00615887  0.095473     SS 13608.7 --> 11090 R2 = 0.185086
-4.5688e-05 0.0765692 0.00323059 0.00615887 0.00323059 0.00615887  0.0953025     SS 13608.7 --> 11090 R2 = 0.185086
-4.5688e-05 0.0763987 0.00323059 0.00615887 0.00323059 0.00615887  0.0951319     SS 13608.7 --> 11090 R2 = 0.185086
-4.5688e-05 0.0762281 0.00323059 0.00615887 0.00323059 0.00615887  0.0949613     SS 13608.7 --> 11090 R2 = 0.185086
-4.5688e-05 0.0760575 0.00323059 0.00615887 0.00323059 0.00615887  0.0947908     SS 13608.7 --> 11090 R2 = 0.185086
-4.5688e-05 0.075887 0.00323059 0.00615887 0.00323059 0.00615887  0.0946202     SS 13608.7 --> 11090 R2 = 0.185086
-4.5688e-05 0.0757164 0.00323059 0.00615887 0.00323059 0.00615887  0.0944496     SS 13608.7 --> 11090 R2 = 0.185086
-4.5688e-05 0.0755458 0.00323059 0.00615887 0.00323059 0.00615887  0.0942791     SS 13608.7 --> 11090 R2 = 0.185086
-4.5688e-05 0.0753753 0.00323059 0.00615887 0.00323059 0.00615887  0.0941085     SS 13608.7 --> 11090 R2 = 0.185086
-4.5688e-05 0.0752047 0.00323059 0.00615887 0.00323059 0.00615887  0.093938     SS 13608.7 --> 11090 R2 = 0.185086
-4.5688e-05 0.0752047 0.00323059 0.00615887 0.00323059 0.00615887  0.093938     SS 13608.7 --> 11090 R2 = 0.185086
-4.5688e-05 0.0750334 0.00323059 0.00615887 0.00323059 0.00615887  0.0937666     SS 13608.7 --> 11090 R2 = 0.185086
-4.5688e-05 0.074862 0.00323059 0.00615887 0.00323059 0.00615887  0.0935953     SS 13608.7 --> 11090 R2 = 0.185086
-4.5688e-05 0.0746907 0.00323059 0.00615887 0.00323059 0.00615887  0.0934239     SS 13608.7 --> 11090 R2 = 0.185086
-4.5688e-05 0.0745194 0.00323059 0.00615887 0.00323059 0.00615887  0.0932526     SS 13608.7 --> 11090 R2 = 0.185086
-4.5688e-05 0.074348 0.00323059 0.00615887 0.00323059 0.00615887  0.0930813     SS 13608.7 --> 11090 R2 = 0.185086
-4.5688e-05 0.0741767 0.00323059 0.00615887 0.00323059 0.00615887  0.0929099     SS 13608.7 --> 11090 R2 = 0.185086
-4.5688e-05 0.0740054 0.00323059 0.00615887 0.00323059 0.00615887  0.0927386     SS 13608.7 --> 11090 R2 = 0.185086
-4.5688e-05 0.073834 0.00323059 0.00615887 0.00323059 0.00615887  0.0925673     SS 13608.7 --> 11090 R2 = 0.185086
-4.5688e-05 0.0736627 0.00323059 0.00615887 0.00323059 0.00615887  0.0923959     SS 13608.7 --> 11090 R2 = 0.185086
-4.5688e-05 0.0734913 0.00323059 0.00615887 0.00323059 0.00615887  0.0922246     SS 13608.7 --> 11090 R2 = 0.185086
-4.5688e-05 0.07332 0.00323059 0.00615887 0.00323059 0.00615887  0.0920532     SS 13608.7 --> 11090 R2 = 0.185086
-4.5688e-05 0.0731487 0.00323059 0.00615887 0.00323059 0.00615887  0.0918819     SS 13608.7 --> 11090 R2 = 0.185086
-4.5688e-05 0.0729773 0.00323059 0.00615887 0.00323059 0.00615887  0.0917106     SS 13608.7 --> 11090 R2 = 0.185086
-4.5688e-05 0.072806 0.00323059 0.00615887 0.00323059 0.00615887  0.0915392     SS 13608.7 --> 11090 R2 = 0.185086
-4.5688e-05 0.0726347 0.00323059 0.00615887 0.00323059 0.00615887  0.0913679     SS 13608.7 --> 11090 R2 = 0.185086
-4.5688e-05 0.0724633 0.00323059 0.00615887 0.00323059 0.00615887  0.0911966     SS 13608.7 --> 11090 R2 = 0.185086
-4.5688e-05 0.0724633 0.00323059 0.00615887 0.00323059 0.00615887  0.0911966     SS 13608.7 --> 11090 R2 = 0.185086
-4.5688e-05 0.0724633 0.00323059 0.00615887 0.00323059 0.00615887  0.0911966     SS 13608.7 --> 11090 R2 = 0.185086
-4.5688e-05 0.0722908 0.00323059 0.00615887 0.00323059 0.00615887  0.091024     SS 13608.7 --> 11090 R2 = 0.185086
-4.5688e-05 0.0721182 0.00323059 0.00615887 0.00323059 0.00615887  0.0908514     SS 13608.7 --> 11090 R2 = 0.185086
-4.5688e-05 0.0719456 0.00323059 0.00615887 0.00323059 0.00615887  0.0906789     SS 13608.7 --> 11090 R2 = 0.185086
-4.5688e-05 0.0717731 0.00323059 0.00615887 0.00323059 0.00615887  0.0905063     SS 13608.7 --> 11090 R2 = 0.185086
-4.5688e-05 0.0716005 0.00323059 0.00615887 0.00323059 0.00615887  0.0903337     SS 13608.7 --> 11090 R2 = 0.185086
-4.5688e-05 0.0714279 0.00323059 0.00615887 0.00323059 0.00615887  0.0901612     SS 13608.7 --> 11090 R2 = 0.185086
-4.5688e-05 0.0712554 0.00323059 0.00615887 0.00323059 0.00615887  0.0899886     SS 13608.7 --> 11090 R2 = 0.185086
-4.5688e-05 0.0710828 0.00323059 0.00615887 0.00323059 0.00615887  0.0898161     SS 13608.7 --> 11090 R2 = 0.185086
-4.5688e-05 0.0709103 0.00323059 0.00615887 0.00323059 0.00615887  0.0896435     SS 13608.7 --> 11090 R2 = 0.185086
-4.5688e-05 0.0707377 0.00323059 0.00615887 0.00323059 0.00615887  0.0894709     SS 13608.7 --> 11090 R2 = 0.185086
-4.5688e-05 0.0705651 0.00323059 0.00615887 0.00323059 0.00615887  0.0892984     SS 13608.7 --> 11090 R2 = 0.185086
-4.5688e-05 0.0703926 0.00323059 0.00615887 0.00323059 0.00615887  0.0891258     SS 13608.7 --> 11090 R2 = 0.185086
-4.5688e-05 0.07022 0.00323059 0.00615887 0.00323059 0.00615887  0.0889533     SS 13608.7 --> 11090 R2 = 0.185086
-4.5688e-05 0.0700475 0.00323059 0.00615887 0.00323059 0.00615887  0.0887807     SS 13608.7 --> 11090 R2 = 0.185086
-4.5688e-05 0.0698749 0.00323059 0.00615887 0.00323059 0.00615887  0.0886081     SS 13608.7 --> 11090 R2 = 0.185086
-4.5688e-05 0.0697023 0.00323059 0.00615887 0.00323059 0.00615887  0.0884356     SS 13608.7 --> 11090 R2 = 0.185086
-4.5688e-05 0.0697023 0.00323059 0.00615887 0.00323059 0.00615887  0.0884356     SS 13608.7 --> 11090 R2 = 0.185086
-4.5688e-05 0.0697023 0.00323059 0.00615887 0.00323059 0.00615887  0.0884356     SS 13608.7 --> 11090 R2 = 0.185086
-4.5688e-05 0.0697023 0.00323059 0.00615887 0.00323059 0.00615887  0.0884356     SS 13608.7 --> 11090 R2 = 0.185086
-4.5688e-05 0.0695281 0.00323059 0.00615887 0.00323059 0.00615887  0.0882613     SS 13608.7 --> 11090 R2 = 0.185086
-4.5688e-05 0.0693538 0.00323059 0.00615887 0.00323059 0.00615887  0.088087     SS 13608.7 --> 11090 R2 = 0.185086
-4.5688e-05 0.0691795 0.00323059 0.00615887 0.00323059 0.00615887  0.0879127     SS 13608.7 --> 11090 R2 = 0.185086
-4.5688e-05 0.0690052 0.00323059 0.00615887 0.00323059 0.00615887  0.0877384     SS 13608.7 --> 11090 R2 = 0.185086
-4.5688e-05 0.0688309 0.00323059 0.00615887 0.00323059 0.00615887  0.0875641     SS 13608.7 --> 11090 R2 = 0.185086
-4.5688e-05 0.0686566 0.00323059 0.00615887 0.00323059 0.00615887  0.0873899     SS 13608.7 --> 11090 R2 = 0.185086
-4.5688e-05 0.0684823 0.00323059 0.00615887 0.00323059 0.00615887  0.0872156     SS 13608.7 --> 11090 R2 = 0.185086
-4.5688e-05 0.0683081 0.00323059 0.00615887 0.00323059 0.00615887  0.0870413     SS 13608.7 --> 11090 R2 = 0.185086
-4.5688e-05 0.0681338 0.00323059 0.00615887 0.00323059 0.00615887  0.086867     SS 13608.7 --> 11090 R2 = 0.185086
-4.5688e-05 0.0679595 0.00323059 0.00615887 0.00323059 0.00615887  0.0866927     SS 13608.7 --> 11090 R2 = 0.185086
-4.5688e-05 0.0677852 0.00323059 0.00615887 0.00323059 0.00615887  0.0865184     SS 13608.7 --> 11090 R2 = 0.185086
-4.5688e-05 0.0676109 0.00323059 0.00615887 0.00323059 0.00615887  0.0863441     SS 13608.7 --> 11090 R2 = 0.185086
-4.5688e-05 0.0674366 0.00323059 0.00615887 0.00323059 0.00615887  0.0861699     SS 13608.7 --> 11090 R2 = 0.185086
-4.5688e-05 0.0672623 0.00323059 0.00615887 0.00323059 0.00615887  0.0859956     SS 13608.7 --> 11090 R2 = 0.185086
-4.5688e-05 0.0670881 0.00323059 0.00615887 0.00323059 0.00615887  0.0858213     SS 13608.7 --> 11090 R2 = 0.185086
-4.5688e-05 0.0669138 0.00323059 0.00615887 0.00323059 0.00615887  0.085647     SS 13608.7 --> 11090 R2 = 0.185086
-4.5688e-05 0.0669138 0.00323059 0.00615887 0.00323059 0.00615887  0.085647     SS 13608.7 --> 11090 R2 = 0.185086
-4.5688e-05 0.0669138 0.00323059 0.00615887 0.00323059 0.00615887  0.085647     SS 13608.7 --> 11090 R2 = 0.185086
-4.5688e-05 0.0669138 0.00323059 0.00615887 0.00323059 0.00615887  0.085647     SS 13608.7 --> 11090 R2 = 0.185086
-4.5688e-05 0.0669138 0.00323059 0.00615887 0.00323059 0.00615887  0.085647     SS 13608.7 --> 11090 R2 = 0.185086
-4.5688e-05 0.0667372 0.00323059 0.00615887 0.00323059 0.00615887  0.0854704     SS 13608.7 --> 11090 R2 = 0.185086
-4.5688e-05 0.0665606 0.00323059 0.00615887 0.00323059 0.00615887  0.0852938     SS 13608.7 --> 11090 R2 = 0.185086
-4.5688e-05 0.066384 0.00323059 0.00615887 0.00323059 0.00615887  0.0851173     SS 13608.7 --> 11090 R2 = 0.185086
-4.5688e-05 0.0662074 0.00323059 0.00615887 0.00323059 0.00615887  0.0849407     SS 13608.7 --> 11090 R2 = 0.185086
-4.5688e-05 0.0660308 0.00323059 0.00615887 0.00323059 0.00615887  0.0847641     SS 13608.7 --> 11090 R2 = 0.185086
-4.5688e-05 0.0658543 0.00323059 0.00615887 0.00323059 0.00615887  0.0845875     SS 13608.7 --> 11090 R2 = 0.185086
-4.5688e-05 0.0656777 0.00323059 0.00615887 0.00323059 0.00615887  0.0844109     SS 13608.7 --> 11090 R2 = 0.185086
-4.5688e-05 0.0655011 0.00323059 0.00615887 0.00323059 0.00615887  0.0842343     SS 13608.7 --> 11090 R2 = 0.185086
-4.5688e-05 0.0653245 0.00323059 0.00615887 0.00323059 0.00615887  0.0840577     SS 13608.7 --> 11090 R2 = 0.185086
-4.5688e-05 0.0651479 0.00323059 0.00615887 0.00323059 0.00615887  0.0838812     SS 13608.7 --> 11090 R2 = 0.185086
-4.5688e-05 0.0649713 0.00323059 0.00615887 0.00323059 0.00615887  0.0837046     SS 13608.7 --> 11090 R2 = 0.185086
-4.5688e-05 0.0647948 0.00323059 0.00615887 0.00323059 0.00615887  0.083528     SS 13608.7 --> 11090 R2 = 0.185086
-4.5688e-05 0.0646182 0.00323059 0.00615887 0.00323059 0.00615887  0.0833514     SS 13608.7 --> 11090 R2 = 0.185086
-4.5688e-05 0.0644416 0.00323059 0.00615887 0.00323059 0.00615887  0.0831748     SS 13608.7 --> 11090 R2 = 0.185086
-4.5688e-05 0.064265 0.00323059 0.00615887 0.00323059 0.00615887  0.0829982     SS 13608.7 --> 11090 R2 = 0.185086
-4.5688e-05 0.0640884 0.00323059 0.00615887 0.00323059 0.00615887  0.0828217     SS 13608.7 --> 11090 R2 = 0.185086
-4.5688e-05 0.0639118 0.00323059 0.00615887 0.00323059 0.00615887  0.0826451     SS 13608.7 --> 11090 R2 = 0.185086
-4.5688e-05 0.0637353 0.00323059 0.00615887 0.00323059 0.00615887  0.0824685     SS 13608.7 --> 11090 R2 = 0.185086
-4.5688e-05 0.0635587 0.00323059 0.00615887 0.00323059 0.00615887  0.0822919     SS 13608.7 --> 11090 R2 = 0.185086
-4.5688e-05 0.0633821 0.00323059 0.00615887 0.00323059 0.00615887  0.0821153     SS 13608.7 --> 11090 R2 = 0.185086
-4.5688e-05 0.0632055 0.00323059 0.00615887 0.00323059 0.00615887  0.0819387     SS 13608.7 --> 11090 R2 = 0.185086
-4.5688e-05 0.0630289 0.00323059 0.00615887 0.00323059 0.00615887  0.0817622     SS 13608.7 --> 11090 R2 = 0.185086
-4.5688e-05 0.0628523 0.00323059 0.00615887 0.00323059 0.00615887  0.0815856     SS 13608.7 --> 11090 R2 = 0.185086
-4.5688e-05 0.0626758 0.00323059 0.00615887 0.00323059 0.00615887  0.081409     SS 13608.7 --> 11090 R2 = 0.185086
-4.5688e-05 0.0624992 0.00323059 0.00615887 0.00323059 0.00615887  0.0812324     SS 13608.7 --> 11090 R2 = 0.185086
-4.5688e-05 0.0623226 0.00323059 0.00615887 0.00323059 0.00615887  0.0810558     SS 13608.7 --> 11090 R2 = 0.185086
-4.5688e-05 0.062146 0.00323059 0.00615887 0.00323059 0.00615887  0.0808793     SS 13608.7 --> 11090 R2 = 0.185086
-4.5688e-05 0.0619694 0.00323059 0.00615887 0.00323059 0.00615887  0.0807027     SS 13608.7 --> 11090 R2 = 0.185086
-4.5688e-05 0.0617929 0.00323059 0.00615887 0.00323059 0.00615887  0.0805261     SS 13608.7 --> 11090 R2 = 0.185086
-4.5688e-05 0.0616163 0.00323059 0.00615887 0.00323059 0.00615887  0.0803495     SS 13608.7 --> 11090 R2 = 0.185086
-4.5688e-05 0.0614397 0.00323059 0.00615887 0.00323059 0.00615887  0.0801729     SS 13608.7 --> 11090 R2 = 0.185086
-4.5688e-05 0.0612631 0.00323059 0.00615887 0.00323059 0.00615887  0.0799963     SS 13608.7 --> 11090 R2 = 0.185086
-4.5688e-05 0.0610865 0.00323059 0.00615887 0.00323059 0.00615887  0.0798198     SS 13608.7 --> 11090 R2 = 0.185086
-4.5688e-05 0.0609099 0.00323059 0.00615887 0.00323059 0.00615887  0.0796432     SS 13608.7 --> 11090 R2 = 0.185086
-4.5688e-05 0.0607334 0.00323059 0.00615887 0.00323059 0.00615887  0.0794666     SS 13608.7 --> 11090 R2 = 0.185086
-4.5688e-05 0.0605568 0.00323059 0.00615887 0.00323059 0.00615887  0.07929     SS 13608.7 --> 11090 R2 = 0.185086
-4.5688e-05 0.0603802 0.00323059 0.00615887 0.00323059 0.00615887  0.0791134     SS 13608.7 --> 11090 R2 = 0.185086
-4.5688e-05 0.0602036 0.00323059 0.00615887 0.00323059 0.00615887  0.0789369     SS 13608.7 --> 11090 R2 = 0.185086
-4.5688e-05 0.060027 0.00323059 0.00615887 0.00323059 0.00615887  0.0787603     SS 13608.7 --> 11090 R2 = 0.185086
-4.5688e-05 0.0598499 0.00323059 0.00615887 0.00323059 0.00615887  0.0785832     SS 13608.7 --> 11090 R2 = 0.185086
-4.5688e-05 0.0598499 0.00323059 0.00615887 0.00323059 0.00615887  0.0785832     SS 13608.7 --> 11090 R2 = 0.185086
-4.5688e-05 0.0598499 0.00323059 0.00615887 0.00323059 0.00615887  0.0785832     SS 13608.7 --> 11090 R2 = 0.185086
-4.5688e-05 0.0598499 0.00323059 0.00615887 0.00323059 0.00615887  0.0785832     SS 13608.7 --> 11090 R2 = 0.185086
-4.5688e-05 0.0596712 0.00323059 0.00615887 0.00323059 0.00615887  0.0784045     SS 13608.7 --> 11090 R2 = 0.185086
-4.5688e-05 0.0594926 0.00323059 0.00615887 0.00323059 0.00615887  0.0782258     SS 13608.7 --> 11090 R2 = 0.185086
-4.5688e-05 0.0593139 0.00323059 0.00615887 0.00323059 0.00615887  0.0780471     SS 13608.7 --> 11090 R2 = 0.185086
-4.5688e-05 0.0591352 0.00323059 0.00615887 0.00323059 0.00615887  0.0778684     SS 13608.7 --> 11090 R2 = 0.185086
-4.5688e-05 0.0589565 0.00323059 0.00615887 0.00323059 0.00615887  0.0776897     SS 13608.7 --> 11090 R2 = 0.185086
-4.5688e-05 0.0587778 0.00323059 0.00615887 0.00323059 0.00615887  0.077511     SS 13608.7 --> 11090 R2 = 0.185086
-4.5688e-05 0.0585991 0.00323059 0.00615887 0.00323059 0.00615887  0.0773324     SS 13608.7 --> 11090 R2 = 0.185086
-4.5688e-05 0.0584204 0.00323059 0.00615887 0.00323059 0.00615887  0.0771537     SS 13608.7 --> 11090 R2 = 0.185086
-4.5688e-05 0.0582417 0.00323059 0.00615887 0.00323059 0.00615887  0.076975     SS 13608.7 --> 11090 R2 = 0.185086
-4.5688e-05 0.0580631 0.00323059 0.00615887 0.00323059 0.00615887  0.0767963     SS 13608.7 --> 11090 R2 = 0.185086
-4.5688e-05 0.0578844 0.00323059 0.00615887 0.00323059 0.00615887  0.0766176     SS 13608.7 --> 11090 R2 = 0.185086
-4.5688e-05 0.0577057 0.00323059 0.00615887 0.00323059 0.00615887  0.0764389     SS 13608.7 --> 11090 R2 = 0.185086
-4.5688e-05 0.057527 0.00323059 0.00615887 0.00323059 0.00615887  0.0762602     SS 13608.7 --> 11090 R2 = 0.185086
-4.5688e-05 0.0573483 0.00323059 0.00615887 0.00323059 0.00615887  0.0760815     SS 13608.7 --> 11090 R2 = 0.185086
-4.5688e-05 0.0571696 0.00323059 0.00615887 0.00323059 0.00615887  0.0759029     SS 13608.7 --> 11090 R2 = 0.185086
-4.5688e-05 0.0569909 0.00323059 0.00615887 0.00323059 0.00615887  0.0757242     SS 13608.7 --> 11090 R2 = 0.185086
-4.5688e-05 0.0568122 0.00323059 0.00615887 0.00323059 0.00615887  0.0755455     SS 13608.7 --> 11090 R2 = 0.185086
-4.5688e-05 0.0568122 0.00323059 0.00615887 0.00323059 0.00615887  0.0755455     SS 13608.7 --> 11090 R2 = 0.185086
-4.5688e-05 0.0566324 0.00323059 0.00615887 0.00323059 0.00615887  0.0753657     SS 13608.7 --> 11090 R2 = 0.185086
-4.5688e-05 0.0564526 0.00323059 0.00615887 0.00323059 0.00615887  0.0751858     SS 13608.7 --> 11090 R2 = 0.185086
-4.5688e-05 0.0562728 0.00323059 0.00615887 0.00323059 0.00615887  0.075006     SS 13608.7 --> 11090 R2 = 0.185086
-4.5688e-05 0.056093 0.00323059 0.00615887 0.00323059 0.00615887  0.0748262     SS 13608.7 --> 11090 R2 = 0.185086
-4.5688e-05 0.0559132 0.00323059 0.00615887 0.00323059 0.00615887  0.0746464     SS 13608.7 --> 11090 R2 = 0.185086
-4.5688e-05 0.0557333 0.00323059 0.00615887 0.00323059 0.00615887  0.0744666     SS 13608.7 --> 11090 R2 = 0.185086
-4.5688e-05 0.0555535 0.00323059 0.00615887 0.00323059 0.00615887  0.0742868     SS 13608.7 --> 11090 R2 = 0.185086
-4.5688e-05 0.0553737 0.00323059 0.00615887 0.00323059 0.00615887  0.0741069     SS 13608.7 --> 11090 R2 = 0.185086
-4.5688e-05 0.0551939 0.00323059 0.00615887 0.00323059 0.00615887  0.0739271     SS 13608.7 --> 11090 R2 = 0.185086
-4.5688e-05 0.0550141 0.00323059 0.00615887 0.00323059 0.00615887  0.0737473     SS 13608.7 --> 11090 R2 = 0.185086
-4.5688e-05 0.0548342 0.00323059 0.00615887 0.00323059 0.00615887  0.0735675     SS 13608.7 --> 11090 R2 = 0.185086
-4.5688e-05 0.0546544 0.00323059 0.00615887 0.00323059 0.00615887  0.0733877     SS 13608.7 --> 11090 R2 = 0.185086
-4.5688e-05 0.0544746 0.00323059 0.00615887 0.00323059 0.00615887  0.0732079     SS 13608.7 --> 11090 R2 = 0.185086
-4.5688e-05 0.0542948 0.00323059 0.00615887 0.00323059 0.00615887  0.073028     SS 13608.7 --> 11090 R2 = 0.185086
-4.5688e-05 0.054115 0.00323059 0.00615887 0.00323059 0.00615887  0.0728482     SS 13608.7 --> 11090 R2 = 0.185086
-4.5688e-05 0.0539352 0.00323059 0.00615887 0.00323059 0.00615887  0.0726684     SS 13608.7 --> 11090 R2 = 0.185086
-4.5688e-05 0.0537554 0.00323059 0.00615887 0.00323059 0.00615887  0.0724886     SS 13608.7 --> 11090 R2 = 0.185086
-4.5688e-05 0.0535755 0.00323059 0.00615887 0.00323059 0.00615887  0.0723088     SS 13608.7 --> 11090 R2 = 0.185086
-4.5688e-05 0.0533957 0.00323059 0.00615887 0.00323059 0.00615887  0.072129     SS 13608.7 --> 11090 R2 = 0.185086
-4.5688e-05 0.0532159 0.00323059 0.00615887 0.00323059 0.00615887  0.0719491     SS 13608.7 --> 11090 R2 = 0.185086
-4.5688e-05 0.0530361 0.00323059 0.00615887 0.00323059 0.00615887  0.0717693     SS 13608.7 --> 11090 R2 = 0.185086
-4.5688e-05 0.0528563 0.00323059 0.00615887 0.00323059 0.00615887  0.0715895     SS 13608.7 --> 11090 R2 = 0.185086
-4.5688e-05 0.0528563 0.00323059 0.00615887 0.00323059 0.00615887  0.0715895     SS 13608.7 --> 11090 R2 = 0.185086
-4.5688e-05 0.0528563 0.00323059 0.00615887 0.00323059 0.00615887  0.0715895     SS 13608.7 --> 11090 R2 = 0.185086
-4.5688e-05 0.0526746 0.00323059 0.00615887 0.00323059 0.00615887  0.0714078     SS 13608.7 --> 11090 R2 = 0.185086
-4.5688e-05 0.0524929 0.00323059 0.00615887 0.00323059 0.00615887  0.0712262     SS 13608.7 --> 11090 R2 = 0.185086
-4.5688e-05 0.0524929 0.00323059 0.00615887 0.00323059 0.00615887  0.0712262     SS 13608.7 --> 11090 R2 = 0.185086
-4.5688e-05 0.0524929 0.00323059 0.00615887 0.00323059 0.00615887  0.0712262     SS 13608.7 --> 11090 R2 = 0.185086
-4.5688e-05 0.0524929 0.00323059 0.00615887 0.00323059 0.00615887  0.0712262     SS 13608.7 --> 11090 R2 = 0.185086
-4.5688e-05 0.0523094 0.00323059 0.00615887 0.00323059 0.00615887  0.0710426     SS 13608.7 --> 11090 R2 = 0.185086
-4.5688e-05 0.0521258 0.00323059 0.00615887 0.00323059 0.00615887  0.070859     SS 13608.7 --> 11090 R2 = 0.185086
-4.5688e-05 0.0519422 0.00323059 0.00615887 0.00323059 0.00615887  0.0706754     SS 13608.7 --> 11090 R2 = 0.185086
-4.5688e-05 0.0517586 0.00323059 0.00615887 0.00323059 0.00615887  0.0704919     SS 13608.7 --> 11090 R2 = 0.185086
-4.5688e-05 0.0515751 0.00323059 0.00615887 0.00323059 0.00615887  0.0703083     SS 13608.7 --> 11090 R2 = 0.185086
-4.5688e-05 0.0513915 0.00323059 0.00615887 0.00323059 0.00615887  0.0701247     SS 13608.7 --> 11090 R2 = 0.185086
-4.5688e-05 0.0512079 0.00323059 0.00615887 0.00323059 0.00615887  0.0699411     SS 13608.7 --> 11090 R2 = 0.185086
-4.5688e-05 0.0510243 0.00323059 0.00615887 0.00323059 0.00615887  0.0697576     SS 13608.7 --> 11090 R2 = 0.185086
-4.5688e-05 0.0508408 0.00323059 0.00615887 0.00323059 0.00615887  0.069574     SS 13608.7 --> 11090 R2 = 0.185086
-4.5688e-05 0.0506572 0.00323059 0.00615887 0.00323059 0.00615887  0.0693904     SS 13608.7 --> 11090 R2 = 0.185086
-4.5688e-05 0.0504736 0.00323059 0.00615887 0.00323059 0.00615887  0.0692068     SS 13608.7 --> 11090 R2 = 0.185086
-4.5688e-05 0.05029 0.00323059 0.00615887 0.00323059 0.00615887  0.0690233     SS 13608.7 --> 11090 R2 = 0.185086
-4.5688e-05 0.0501065 0.00323059 0.00615887 0.00323059 0.00615887  0.0688397     SS 13608.7 --> 11090 R2 = 0.185086
-4.5688e-05 0.0499229 0.00323059 0.00615887 0.00323059 0.00615887  0.0686561     SS 13608.7 --> 11090 R2 = 0.185086
-4.5688e-05 0.0497393 0.00323059 0.00615887 0.00323059 0.00615887  0.0684726     SS 13608.7 --> 11090 R2 = 0.185086
-4.5688e-05 0.0495557 0.00323059 0.00615887 0.00323059 0.00615887  0.068289     SS 13608.7 --> 11090 R2 = 0.185086
-4.5688e-05 0.0493722 0.00323059 0.00615887 0.00323059 0.00615887  0.0681054     SS 13608.7 --> 11090 R2 = 0.185086
-4.5688e-05 0.0493722 0.00323059 0.00615887 0.00323059 0.00615887  0.0681054     SS 13608.7 --> 11090 R2 = 0.185086
-4.5688e-05 0.0493722 0.00323059 0.00615887 0.00323059 0.00615887  0.0681054     SS 13608.7 --> 11090 R2 = 0.185086
-4.5688e-05 0.0493722 0.00323059 0.00615887 0.00323059 0.00615887  0.0681054     SS 13608.7 --> 11090 R2 = 0.185086
-4.5688e-05 0.0491858 0.00323059 0.00615887 0.00323059 0.00615887  0.0679191     SS 13608.7 --> 11090 R2 = 0.185086
-4.5688e-05 0.0489995 0.00323059 0.00615887 0.00323059 0.00615887  0.0677327     SS 13608.7 --> 11090 R2 = 0.185086
-4.5688e-05 0.0489995 0.00323059 0.00615887 0.00323059 0.00615887  0.0677327     SS 13608.7 --> 11090 R2 = 0.185086
-4.5688e-05 0.0489995 0.00323059 0.00615887 0.00323059 0.00615887  0.0677327     SS 13608.7 --> 11090 R2 = 0.185086
-4.5688e-05 0.0489995 0.00323059 0.00615887 0.00323059 0.00615887  0.0677327     SS 13608.7 --> 11090 R2 = 0.185086
-4.5688e-05 0.048811 0.00323059 0.00615887 0.00323059 0.00615887  0.0675442     SS 13608.7 --> 11090 R2 = 0.185086
-4.5688e-05 0.0486225 0.00323059 0.00615887 0.00323059 0.00615887  0.0673557     SS 13608.7 --> 11090 R2 = 0.185086
-4.5688e-05 0.048434 0.00323059 0.00615887 0.00323059 0.00615887  0.0671672     SS 13608.7 --> 11090 R2 = 0.185086
-4.5688e-05 0.0482455 0.00323059 0.00615887 0.00323059 0.00615887  0.0669787     SS 13608.7 --> 11090 R2 = 0.185086
-4.5688e-05 0.048057 0.00323059 0.00615887 0.00323059 0.00615887  0.0667902     SS 13608.7 --> 11090 R2 = 0.185086
-4.5688e-05 0.0478685 0.00323059 0.00615887 0.00323059 0.00615887  0.0666017     SS 13608.7 --> 11090 R2 = 0.185086
-4.5688e-05 0.04768 0.00323059 0.00615887 0.00323059 0.00615887  0.0664133     SS 13608.7 --> 11090 R2 = 0.185086
-4.5688e-05 0.0474915 0.00323059 0.00615887 0.00323059 0.00615887  0.0662248     SS 13608.7 --> 11090 R2 = 0.185086
-4.5688e-05 0.047303 0.00323059 0.00615887 0.00323059 0.00615887  0.0660363     SS 13608.7 --> 11090 R2 = 0.185086
-4.5688e-05 0.0471145 0.00323059 0.00615887 0.00323059 0.00615887  0.0658478     SS 13608.7 --> 11090 R2 = 0.185086
-4.5688e-05 0.046926 0.00323059 0.00615887 0.00323059 0.00615887  0.0656593     SS 13608.7 --> 11090 R2 = 0.185086
-4.5688e-05 0.0467375 0.00323059 0.00615887 0.00323059 0.00615887  0.0654708     SS 13608.7 --> 11090 R2 = 0.185086
-4.5688e-05 0.0465491 0.00323059 0.00615887 0.00323059 0.00615887  0.0652823     SS 13608.7 --> 11090 R2 = 0.185086
-4.5688e-05 0.0463606 0.00323059 0.00615887 0.00323059 0.00615887  0.0650938     SS 13608.7 --> 11090 R2 = 0.185086
-4.5688e-05 0.0461721 0.00323059 0.00615887 0.00323059 0.00615887  0.0649053     SS 13608.7 --> 11090 R2 = 0.185086
-4.5688e-05 0.0459836 0.00323059 0.00615887 0.00323059 0.00615887  0.0647168     SS 13608.7 --> 11090 R2 = 0.185086
-4.5688e-05 0.0457951 0.00323059 0.00615887 0.00323059 0.00615887  0.0645283     SS 13608.7 --> 11090 R2 = 0.185086
-4.5688e-05 0.0456066 0.00323059 0.00615887 0.00323059 0.00615887  0.0643398     SS 13608.7 --> 11090 R2 = 0.185086
-4.5688e-05 0.0454173 0.00323059 0.00615887 0.00323059 0.00615887  0.0641505     SS 13608.7 --> 11090 R2 = 0.185086
-4.5688e-05 0.045228 0.00323059 0.00615887 0.00323059 0.00615887  0.0639613     SS 13608.7 --> 11090 R2 = 0.185086
-4.5688e-05 0.0450388 0.00323059 0.00615887 0.00323059 0.00615887  0.063772     SS 13608.7 --> 11090 R2 = 0.185086
-4.5688e-05 0.0448495 0.00323059 0.00615887 0.00323059 0.00615887  0.0635827     SS 13608.7 --> 11090 R2 = 0.185086
-4.5688e-05 0.0446602 0.00323059 0.00615887 0.00323059 0.00615887  0.0633935     SS 13608.7 --> 11090 R2 = 0.185086
-4.5688e-05 0.0444709 0.00323059 0.00615887 0.00323059 0.00615887  0.0632042     SS 13608.7 --> 11090 R2 = 0.185086
-4.5688e-05 0.0442817 0.00323059 0.00615887 0.00323059 0.00615887  0.0630149     SS 13608.7 --> 11090 R2 = 0.185086
-4.5688e-05 0.0440924 0.00323059 0.00615887 0.00323059 0.00615887  0.0628256     SS 13608.7 --> 11090 R2 = 0.185086
-4.5688e-05 0.0439031 0.00323059 0.00615887 0.00323059 0.00615887  0.0626364     SS 13608.7 --> 11090 R2 = 0.185086
-4.5688e-05 0.0437138 0.00323059 0.00615887 0.00323059 0.00615887  0.0624471     SS 13608.7 --> 11090 R2 = 0.185086
-4.5688e-05 0.0435246 0.00323059 0.00615887 0.00323059 0.00615887  0.0622578     SS 13608.7 --> 11090 R2 = 0.185086
-4.5688e-05 0.0433353 0.00323059 0.00615887 0.00323059 0.00615887  0.0620685     SS 13608.7 --> 11090 R2 = 0.185086
-4.5688e-05 0.043146 0.00323059 0.00615887 0.00323059 0.00615887  0.0618793     SS 13608.7 --> 11090 R2 = 0.185086
-4.5688e-05 0.0429568 0.00323059 0.00615887 0.00323059 0.00615887  0.06169     SS 13608.7 --> 11090 R2 = 0.185086
-4.5688e-05 0.0427675 0.00323059 0.00615887 0.00323059 0.00615887  0.0615007     SS 13608.7 --> 11090 R2 = 0.185086
-4.5688e-05 0.0425782 0.00323059 0.00615887 0.00323059 0.00615887  0.0613114     SS 13608.7 --> 11090 R2 = 0.185086
-4.5688e-05 0.0423889 0.00323059 0.00615887 0.00323059 0.00615887  0.0611222     SS 13608.7 --> 11090 R2 = 0.185086
-4.5688e-05 0.0421997 0.00323059 0.00615887 0.00323059 0.00615887  0.0609329     SS 13608.7 --> 11090 R2 = 0.185086
-4.5688e-05 0.0420104 0.00323059 0.00615887 0.00323059 0.00615887  0.0607436     SS 13608.7 --> 11090 R2 = 0.185086
-4.5688e-05 0.0418211 0.00323059 0.00615887 0.00323059 0.00615887  0.0605544     SS 13608.7 --> 11090 R2 = 0.185086
-4.5688e-05 0.0416318 0.00323059 0.00615887 0.00323059 0.00615887  0.0603651     SS 13608.7 --> 11090 R2 = 0.185086
-4.5688e-05 0.0414426 0.00323059 0.00615887 0.00323059 0.00615887  0.0601758     SS 13608.7 --> 11090 R2 = 0.185086
-4.5688e-05 0.0412533 0.00323059 0.00615887 0.00323059 0.00615887  0.0599865     SS 13608.7 --> 11090 R2 = 0.185086
-4.5688e-05 0.041064 0.00323059 0.00615887 0.00323059 0.00615887  0.0597973     SS 13608.7 --> 11090 R2 = 0.185086
-4.5688e-05 0.0408748 0.00323059 0.00615887 0.00323059 0.00615887  0.059608     SS 13608.7 --> 11090 R2 = 0.185086
-4.5688e-05 0.0408748 0.00323059 0.00615887 0.00323059 0.00615887  0.059608     SS 13608.7 --> 11090 R2 = 0.185086
-4.5688e-05 0.0406837 0.00323059 0.00615887 0.00323059 0.00615887  0.059417     SS 13608.7 --> 11090 R2 = 0.185086
-4.5688e-05 0.0404927 0.00323059 0.00615887 0.00323059 0.00615887  0.0592259     SS 13608.7 --> 11090 R2 = 0.185086
-4.5688e-05 0.0403016 0.00323059 0.00615887 0.00323059 0.00615887  0.0590349     SS 13608.7 --> 11090 R2 = 0.185086
-4.5688e-05 0.0401106 0.00323059 0.00615887 0.00323059 0.00615887  0.0588438     SS 13608.7 --> 11090 R2 = 0.185086
-4.5688e-05 0.0399196 0.00323059 0.00615887 0.00323059 0.00615887  0.0586528     SS 13608.7 --> 11090 R2 = 0.185086
-4.5688e-05 0.0399196 0.00323059 0.00615887 0.00323059 0.00615887  0.0586528     SS 13608.7 --> 11090 R2 = 0.185086
-4.5688e-05 0.0399196 0.00323059 0.00615887 0.00323059 0.00615887  0.0586528     SS 13608.7 --> 11090 R2 = 0.185086
-4.5688e-05 0.0397267 0.00323059 0.00615887 0.00323059 0.00615887  0.0584599     SS 13608.7 --> 11090 R2 = 0.185086
-4.5688e-05 0.0395338 0.00323059 0.00615887 0.00323059 0.00615887  0.058267     SS 13608.7 --> 11090 R2 = 0.185086
-4.5688e-05 0.0393409 0.00323059 0.00615887 0.00323059 0.00615887  0.0580741     SS 13608.7 --> 11090 R2 = 0.185086
-4.5688e-05 0.039148 0.00323059 0.00615887 0.00323059 0.00615887  0.0578813     SS 13608.7 --> 11090 R2 = 0.185086
-4.5688e-05 0.0389551 0.00323059 0.00615887 0.00323059 0.00615887  0.0576884     SS 13608.7 --> 11090 R2 = 0.185086
-4.5688e-05 0.0387623 0.00323059 0.00615887 0.00323059 0.00615887  0.0574955     SS 13608.7 --> 11090 R2 = 0.185086
-4.5688e-05 0.0385694 0.00323059 0.00615887 0.00323059 0.00615887  0.0573026     SS 13608.7 --> 11090 R2 = 0.185086
-4.5688e-05 0.0383765 0.00323059 0.00615887 0.00323059 0.00615887  0.0571097     SS 13608.7 --> 11090 R2 = 0.185086
-4.5688e-05 0.0381836 0.00323059 0.00615887 0.00323059 0.00615887  0.0569168     SS 13608.7 --> 11090 R2 = 0.185086
-4.5688e-05 0.0379907 0.00323059 0.00615887 0.00323059 0.00615887  0.056724     SS 13608.7 --> 11090 R2 = 0.185086
-4.5688e-05 0.0379907 0.00323059 0.00615887 0.00323059 0.00615887  0.056724     SS 13608.7 --> 11090 R2 = 0.185086
-4.5688e-05 0.0377969 0.00323059 0.00615887 0.00323059 0.00615887  0.0565301     SS 13608.7 --> 11090 R2 = 0.185086
-4.5688e-05 0.0377969 0.00323059 0.00615887 0.00323059 0.00615887  0.0565301     SS 13608.7 --> 11090 R2 = 0.185086
-4.5688e-05 0.037602 0.00323059 0.00615887 0.00323059 0.00615887  0.0563352     SS 13608.7 --> 11090 R2 = 0.185086
-4.5688e-05 0.0374071 0.00323059 0.00615887 0.00323059 0.00615887  0.0561404     SS 13608.7 --> 11090 R2 = 0.185086
-4.5688e-05 0.0372123 0.00323059 0.00615887 0.00323059 0.00615887  0.0559455     SS 13608.7 --> 11090 R2 = 0.185086
-4.5688e-05 0.0370174 0.00323059 0.00615887 0.00323059 0.00615887  0.0557506     SS 13608.7 --> 11090 R2 = 0.185086
-4.5688e-05 0.0368225 0.00323059 0.00615887 0.00323059 0.00615887  0.0555558     SS 13608.7 --> 11090 R2 = 0.185086
-4.5688e-05 0.0366277 0.00323059 0.00615887 0.00323059 0.00615887  0.0553609     SS 13608.7 --> 11090 R2 = 0.185086
-4.5688e-05 0.0364328 0.00323059 0.00615887 0.00323059 0.00615887  0.055166     SS 13608.7 --> 11090 R2 = 0.185086
-4.5688e-05 0.0362369 0.00323059 0.00615887 0.00323059 0.00615887  0.0549701     SS 13608.7 --> 11090 R2 = 0.185086
-4.5688e-05 0.036041 0.00323059 0.00615887 0.00323059 0.00615887  0.0547742     SS 13608.7 --> 11090 R2 = 0.185086
-4.5688e-05 0.035845 0.00323059 0.00615887 0.00323059 0.00615887  0.0545783     SS 13608.7 --> 11090 R2 = 0.185086
-4.5688e-05 0.0356491 0.00323059 0.00615887 0.00323059 0.00615887  0.0543824     SS 13608.7 --> 11090 R2 = 0.185086
-4.5688e-05 0.0354532 0.00323059 0.00615887 0.00323059 0.00615887  0.0541865     SS 13608.7 --> 11090 R2 = 0.185086
-4.5688e-05 0.0352573 0.00323059 0.00615887 0.00323059 0.00615887  0.0539905     SS 13608.7 --> 11090 R2 = 0.185086
-4.5688e-05 0.0350614 0.00323059 0.00615887 0.00323059 0.00615887  0.0537946     SS 13608.7 --> 11090 R2 = 0.185086
-4.5688e-05 0.0350614 0.00323059 0.00615887 0.00323059 0.00615887  0.0537946     SS 13608.7 --> 11090 R2 = 0.185086
-4.5688e-05 0.0350614 0.00323059 0.00615887 0.00323059 0.00615887  0.0537946     SS 13608.7 --> 11090 R2 = 0.185086
-4.5688e-05 0.0350614 0.00323059 0.00615887 0.00323059 0.00615887  0.0537946     SS 13608.7 --> 11090 R2 = 0.185086
-4.5688e-05 0.0348621 0.00323059 0.00615887 0.00323059 0.00615887  0.0535954     SS 13608.7 --> 11090 R2 = 0.185086
-4.5688e-05 0.0346629 0.00323059 0.00615887 0.00323059 0.00615887  0.0533961     SS 13608.7 --> 11090 R2 = 0.185086
-4.5688e-05 0.0344636 0.00323059 0.00615887 0.00323059 0.00615887  0.0531969     SS 13608.7 --> 11090 R2 = 0.185086
-4.5688e-05 0.0342644 0.00323059 0.00615887 0.00323059 0.00615887  0.0529976     SS 13608.7 --> 11090 R2 = 0.185086
-4.5688e-05 0.0340651 0.00323059 0.00615887 0.00323059 0.00615887  0.0527984     SS 13608.7 --> 11090 R2 = 0.185086
-4.5688e-05 0.0338659 0.00323059 0.00615887 0.00323059 0.00615887  0.0525991     SS 13608.7 --> 11090 R2 = 0.185086
-4.5688e-05 0.0336666 0.00323059 0.00615887 0.00323059 0.00615887  0.0523999     SS 13608.7 --> 11090 R2 = 0.185086
-4.5688e-05 0.0334674 0.00323059 0.00615887 0.00323059 0.00615887  0.0522006     SS 13608.7 --> 11090 R2 = 0.185086
-4.5688e-05 0.0332681 0.00323059 0.00615887 0.00323059 0.00615887  0.0520014     SS 13608.7 --> 11090 R2 = 0.185086
-4.5688e-05 0.0330689 0.00323059 0.00615887 0.00323059 0.00615887  0.0518021     SS 13608.7 --> 11090 R2 = 0.185086
-4.5688e-05 0.0328696 0.00323059 0.00615887 0.00323059 0.00615887  0.0516029     SS 13608.7 --> 11090 R2 = 0.185086
-4.5688e-05 0.0326704 0.00323059 0.00615887 0.00323059 0.00615887  0.0514036     SS 13608.7 --> 11090 R2 = 0.185086
-4.5688e-05 0.0324711 0.00323059 0.00615887 0.00323059 0.00615887  0.0512044     SS 13608.7 --> 11090 R2 = 0.185086
-4.5688e-05 0.0322719 0.00323059 0.00615887 0.00323059 0.00615887  0.0510051     SS 13608.7 --> 11090 R2 = 0.185086
-4.5688e-05 0.0320726 0.00323059 0.00615887 0.00323059 0.00615887  0.0508059     SS 13608.7 --> 11090 R2 = 0.185086
-4.5688e-05 0.0318734 0.00323059 0.00615887 0.00323059 0.00615887  0.0506066     SS 13608.7 --> 11090 R2 = 0.185086
-4.5688e-05 0.0316741 0.00323059 0.00615887 0.00323059 0.00615887  0.0504074     SS 13608.7 --> 11090 R2 = 0.185086
-4.5688e-05 0.0316741 0.00323059 0.00615887 0.00323059 0.00615887  0.0504074     SS 13608.7 --> 11090 R2 = 0.185086
-4.5688e-05 0.0314724 0.00323059 0.00615887 0.00323059 0.00615887  0.0502056     SS 13608.7 --> 11090 R2 = 0.185086
-4.5688e-05 0.0312706 0.00323059 0.00615887 0.00323059 0.00615887  0.0500038     SS 13608.7 --> 11090 R2 = 0.185086
-4.5688e-05 0.0312706 0.00323059 0.00615887 0.00323059 0.00615887  0.0500038     SS 13608.7 --> 11090 R2 = 0.185086
-4.5688e-05 0.0312706 0.00323059 0.00615887 0.00323059 0.00615887  0.0500038     SS 13608.7 --> 11090 R2 = 0.185086
-4.5688e-05 0.0310661 0.00323059 0.00615887 0.00323059 0.00615887  0.0497994     SS 13608.7 --> 11090 R2 = 0.185086
-4.5688e-05 0.0310661 0.00323059 0.00615887 0.00323059 0.00615887  0.0497994     SS 13608.7 --> 11090 R2 = 0.185086
-4.5688e-05 0.0308604 0.00323059 0.00615887 0.00323059 0.00615887  0.0495936     SS 13608.7 --> 11090 R2 = 0.185086
-4.5688e-05 0.0308604 0.00323059 0.00615887 0.00323059 0.00615887  0.0495936     SS 13608.7 --> 11090 R2 = 0.185086
-4.5688e-05 0.0306532 0.00323059 0.00615887 0.00323059 0.00615887  0.0493864     SS 13608.7 --> 11090 R2 = 0.185086
-4.5688e-05 0.030446 0.00323059 0.00615887 0.00323059 0.00615887  0.0491793     SS 13608.7 --> 11090 R2 = 0.185086
-4.5688e-05 0.0302389 0.00323059 0.00615887 0.00323059 0.00615887  0.0489721     SS 13608.7 --> 11090 R2 = 0.185086
-4.5688e-05 0.0302389 0.00323059 0.00615887 0.00323059 0.00615887  0.0489721     SS 13608.7 --> 11090 R2 = 0.185086
-4.5688e-05 0.0300303 0.00323059 0.00615887 0.00323059 0.00615887  0.0487635     SS 13608.7 --> 11090 R2 = 0.185086
-4.5688e-05 0.0298217 0.00323059 0.00615887 0.00323059 0.00615887  0.0485549     SS 13608.7 --> 11090 R2 = 0.185086
-4.5688e-05 0.0296131 0.00323059 0.00615887 0.00323059 0.00615887  0.0483464     SS 13608.7 --> 11090 R2 = 0.185086
-4.5688e-05 0.0294045 0.00323059 0.00615887 0.00323059 0.00615887  0.0481378     SS 13608.7 --> 11090 R2 = 0.185086
-4.5688e-05 0.029196 0.00323059 0.00615887 0.00323059 0.00615887  0.0479292     SS 13608.7 --> 11090 R2 = 0.185086
-4.5688e-05 0.0289874 0.00323059 0.00615887 0.00323059 0.00615887  0.0477206     SS 13608.7 --> 11090 R2 = 0.185086
-4.5688e-05 0.0287788 0.00323059 0.00615887 0.00323059 0.00615887  0.047512     SS 13608.7 --> 11090 R2 = 0.185086
-4.5688e-05 0.0285702 0.00323059 0.00615887 0.00323059 0.00615887  0.0473034     SS 13608.7 --> 11090 R2 = 0.185086
-4.5688e-05 0.0283616 0.00323059 0.00615887 0.00323059 0.00615887  0.0470948     SS 13608.7 --> 11090 R2 = 0.185086
-4.5688e-05 0.028153 0.00323059 0.00615887 0.00323059 0.00615887  0.0468863     SS 13608.7 --> 11090 R2 = 0.185086
-4.5688e-05 0.0279444 0.00323059 0.00615887 0.00323059 0.00615887  0.0466777     SS 13608.7 --> 11090 R2 = 0.185086
-4.5688e-05 0.0277359 0.00323059 0.00615887 0.00323059 0.00615887  0.0464691     SS 13608.7 --> 11090 R2 = 0.185086
-4.5688e-05 0.0275273 0.00323059 0.00615887 0.00323059 0.00615887  0.0462605     SS 13608.7 --> 11090 R2 = 0.185086
-4.5688e-05 0.0273187 0.00323059 0.00615887 0.00323059 0.00615887  0.0460519     SS 13608.7 --> 11090 R2 = 0.185086
-4.5688e-05 0.0271101 0.00323059 0.00615887 0.00323059 0.00615887  0.0458433     SS 13608.7 --> 11090 R2 = 0.185086
-4.5688e-05 0.0269015 0.00323059 0.00615887 0.00323059 0.00615887  0.0456348     SS 13608.7 --> 11090 R2 = 0.185086
-4.5688e-05 0.0266929 0.00323059 0.00615887 0.00323059 0.00615887  0.0454262     SS 13608.7 --> 11090 R2 = 0.185086
-4.5688e-05 0.0264844 0.00323059 0.00615887 0.00323059 0.00615887  0.0452176     SS 13608.7 --> 11090 R2 = 0.185086
-4.5688e-05 0.0262758 0.00323059 0.00615887 0.00323059 0.00615887  0.045009     SS 13608.7 --> 11090 R2 = 0.185086
-4.5688e-05 0.0260672 0.00323059 0.00615887 0.00323059 0.00615887  0.0448004     SS 13608.7 --> 11090 R2 = 0.185086
-4.5688e-05 0.0258586 0.00323059 0.00615887 0.00323059 0.00615887  0.0445919     SS 13608.7 --> 11090 R2 = 0.185086
-4.5688e-05 0.02565 0.00323059 0.00615887 0.00323059 0.00615887  0.0443833     SS 13608.7 --> 11090 R2 = 0.185086
-4.5688e-05 0.0254415 0.00323059 0.00615887 0.00323059 0.00615887  0.0441747     SS 13608.7 --> 11090 R2 = 0.185086
-4.5688e-05 0.0252329 0.00323059 0.00615887 0.00323059 0.00615887  0.0439661     SS 13608.7 --> 11090 R2 = 0.185086
-4.5688e-05 0.0250243 0.00323059 0.00615887 0.00323059 0.00615887  0.0437575     SS 13608.7 --> 11090 R2 = 0.185086
-4.5688e-05 0.0248157 0.00323059 0.00615887 0.00323059 0.00615887  0.043549     SS 13608.7 --> 11090 R2 = 0.185086
-4.5688e-05 0.0246071 0.00323059 0.00615887 0.00323059 0.00615887  0.0433404     SS 13608.7 --> 11090 R2 = 0.185086
-4.5688e-05 0.0243986 0.00323059 0.00615887 0.00323059 0.00615887  0.0431318     SS 13608.7 --> 11090 R2 = 0.185086
-4.5688e-05 0.02419 0.00323059 0.00615887 0.00323059 0.00615887  0.0429232     SS 13608.7 --> 11090 R2 = 0.185086
-4.5688e-05 0.0239814 0.00323059 0.00615887 0.00323059 0.00615887  0.0427146     SS 13608.7 --> 11090 R2 = 0.185086
-4.5688e-05 0.0237728 0.00323059 0.00615887 0.00323059 0.00615887  0.0425061     SS 13608.7 --> 11090 R2 = 0.185086
-4.5688e-05 0.0235642 0.00323059 0.00615887 0.00323059 0.00615887  0.0422975     SS 13608.7 --> 11090 R2 = 0.185086
-4.5688e-05 0.0233557 0.00323059 0.00615887 0.00323059 0.00615887  0.0420889     SS 13608.7 --> 11090 R2 = 0.185086
-4.5688e-05 0.0231471 0.00323059 0.00615887 0.00323059 0.00615887  0.0418803     SS 13608.7 --> 11090 R2 = 0.185086
-4.5688e-05 0.0229385 0.00323059 0.00615887 0.00323059 0.00615887  0.0416718     SS 13608.7 --> 11090 R2 = 0.185086
-4.5688e-05 0.0227299 0.00323059 0.00615887 0.00323059 0.00615887  0.0414632     SS 13608.7 --> 11090 R2 = 0.185086
-4.5688e-05 0.0225214 0.00323059 0.00615887 0.00323059 0.00615887  0.0412546     SS 13608.7 --> 11090 R2 = 0.185086
-4.5688e-05 0.0223128 0.00323059 0.00615887 0.00323059 0.00615887  0.041046     SS 13608.7 --> 11090 R2 = 0.185086
-4.5688e-05 0.0221042 0.00323059 0.00615887 0.00323059 0.00615887  0.0408375     SS 13608.7 --> 11090 R2 = 0.185086
-4.5688e-05 0.0218956 0.00323059 0.00615887 0.00323059 0.00615887  0.0406289     SS 13608.7 --> 11090 R2 = 0.185086
-4.5688e-05 0.0216871 0.00323059 0.00615887 0.00323059 0.00615887  0.0404203     SS 13608.7 --> 11090 R2 = 0.185086
-4.5688e-05 0.0214785 0.00323059 0.00615887 0.00323059 0.00615887  0.0402117     SS 13608.7 --> 11090 R2 = 0.185086
-4.5688e-05 0.0212699 0.00323059 0.00615887 0.00323059 0.00615887  0.0400032     SS 13608.7 --> 11090 R2 = 0.185086
-4.5688e-05 0.0210614 0.00323059 0.00615887 0.00323059 0.00615887  0.0397946     SS 13608.7 --> 11090 R2 = 0.185086
-4.5688e-05 0.0208528 0.00323059 0.00615887 0.00323059 0.00615887  0.039586     SS 13608.7 --> 11090 R2 = 0.185086
-4.5688e-05 0.0206442 0.00323059 0.00615887 0.00323059 0.00615887  0.0393774     SS 13608.7 --> 11090 R2 = 0.185086
-4.5688e-05 0.0204356 0.00323059 0.00615887 0.00323059 0.00615887  0.0391689     SS 13608.7 --> 11090 R2 = 0.185086
-4.5688e-05 0.0202271 0.00323059 0.00615887 0.00323059 0.00615887  0.0389603     SS 13608.7 --> 11090 R2 = 0.185086
-4.5688e-05 0.0200185 0.00323059 0.00615887 0.00323059 0.00615887  0.0387517     SS 13608.7 --> 11090 R2 = 0.185086
-4.5688e-05 0.0198099 0.00323059 0.00615887 0.00323059 0.00615887  0.0385432     SS 13608.7 --> 11090 R2 = 0.185086
-4.5688e-05 0.0196014 0.00323059 0.00615887 0.00323059 0.00615887  0.0383346     SS 13608.7 --> 11090 R2 = 0.185086
-4.5688e-05 0.0193928 0.00323059 0.00615887 0.00323059 0.00615887  0.038126     SS 13608.7 --> 11090 R2 = 0.185086
-4.5688e-05 0.0191842 0.00323059 0.00615887 0.00323059 0.00615887  0.0379175     SS 13608.7 --> 11090 R2 = 0.185086
-4.5688e-05 0.0189757 0.00323059 0.00615887 0.00323059 0.00615887  0.0377089     SS 13608.7 --> 11090 R2 = 0.185086
-4.5688e-05 0.0187671 0.00323059 0.00615887 0.00323059 0.00615887  0.0375003     SS 13608.7 --> 11090 R2 = 0.185086
-4.5688e-05 0.0185585 0.00323059 0.00615887 0.00323059 0.00615887  0.0372918     SS 13608.7 --> 11090 R2 = 0.185086
-4.5688e-05 0.01835 0.00323059 0.00615887 0.00323059 0.00615887  0.0370832     SS 13608.7 --> 11090 R2 = 0.185086
-4.5688e-05 0.0181414 0.00323059 0.00615887 0.00323059 0.00615887  0.0368746     SS 13608.7 --> 11090 R2 = 0.185086
-4.5688e-05 0.0179328 0.00323059 0.00615887 0.00323059 0.00615887  0.0366661     SS 13608.7 --> 11090 R2 = 0.185086
-4.5688e-05 0.0177243 0.00323059 0.00615887 0.00323059 0.00615887  0.0364575     SS 13608.7 --> 11090 R2 = 0.185086
-4.5688e-05 0.0175157 0.00323059 0.00615887 0.00323059 0.00615887  0.0362489     SS 13608.7 --> 11090 R2 = 0.185086
-4.5688e-05 0.0173071 0.00323059 0.00615887 0.00323059 0.00615887  0.0360404     SS 13608.7 --> 11090 R2 = 0.185086
-4.5688e-05 0.0170986 0.00323059 0.00615887 0.00323059 0.00615887  0.0358318     SS 13608.7 --> 11090 R2 = 0.185086
-4.5688e-05 0.01689 0.00323059 0.00615887 0.00323059 0.00615887  0.0356232     SS 13608.7 --> 11090 R2 = 0.185086
-4.5688e-05 0.0166814 0.00323059 0.00615887 0.00323059 0.00615887  0.0354147     SS 13608.7 --> 11090 R2 = 0.185086
-4.5688e-05 0.0164729 0.00323059 0.00615887 0.00323059 0.00615887  0.0352061     SS 13608.7 --> 11090 R2 = 0.185086
-4.5688e-05 0.0162643 0.00323059 0.00615887 0.00323059 0.00615887  0.0349976     SS 13608.7 --> 11090 R2 = 0.185086
-4.5688e-05 0.0160558 0.00323059 0.00615887 0.00323059 0.00615887  0.034789     SS 13608.7 --> 11090 R2 = 0.185086
-4.5688e-05 0.0158472 0.00323059 0.00615887 0.00323059 0.00615887  0.0345804     SS 13608.7 --> 11090 R2 = 0.185086
-4.5688e-05 0.0156386 0.00323059 0.00615887 0.00323059 0.00615887  0.0343719     SS 13608.7 --> 11090 R2 = 0.185086
-4.5688e-05 0.0154301 0.00323059 0.00615887 0.00323059 0.00615887  0.0341633     SS 13608.7 --> 11090 R2 = 0.185086
-4.5688e-05 0.0152215 0.00323059 0.00615887 0.00323059 0.00615887  0.0339548     SS 13608.7 --> 11090 R2 = 0.185086
-4.5688e-05 0.015013 0.00323059 0.00615887 0.00323059 0.00615887  0.0337462     SS 13608.7 --> 11090 R2 = 0.185086
-4.5688e-05 0.0148044 0.00323059 0.00615887 0.00323059 0.00615887  0.0335376     SS 13608.7 --> 11090 R2 = 0.185086
-4.5688e-05 0.0145959 0.00323059 0.00615887 0.00323059 0.00615887  0.0333291     SS 13608.7 --> 11090 R2 = 0.185086
-4.5688e-05 0.0143873 0.00323059 0.00615887 0.00323059 0.00615887  0.0331205     SS 13608.7 --> 11090 R2 = 0.185086
-4.5688e-05 0.0141787 0.00323059 0.00615887 0.00323059 0.00615887  0.032912     SS 13608.7 --> 11090 R2 = 0.185086
-4.5688e-05 0.0139702 0.00323059 0.00615887 0.00323059 0.00615887  0.0327034     SS 13608.7 --> 11090 R2 = 0.185086
-4.5688e-05 0.0137616 0.00323059 0.00615887 0.00323059 0.00615887  0.0324949     SS 13608.7 --> 11090 R2 = 0.185086
-4.5688e-05 0.0135531 0.00323059 0.00615887 0.00323059 0.00615887  0.0322863     SS 13608.7 --> 11090 R2 = 0.185086
-4.5688e-05 0.0133445 0.00323059 0.00615887 0.00323059 0.00615887  0.0320778     SS 13608.7 --> 11090 R2 = 0.185086
-4.5688e-05 0.013136 0.00323059 0.00615887 0.00323059 0.00615887  0.0318692     SS 13608.7 --> 11090 R2 = 0.185086
-4.5688e-05 0.0129274 0.00323059 0.00615887 0.00323059 0.00615887  0.0316607     SS 13608.7 --> 11090 R2 = 0.185086
-4.5688e-05 0.0127189 0.00323059 0.00615887 0.00323059 0.00615887  0.0314521     SS 13608.7 --> 11090 R2 = 0.185086
-4.5688e-05 0.0125103 0.00323059 0.00615887 0.00323059 0.00615887  0.0312436     SS 13608.7 --> 11090 R2 = 0.185086
-4.5688e-05 0.0123018 0.00323059 0.00615887 0.00323059 0.00615887  0.031035     SS 13608.7 --> 11090 R2 = 0.185086
-4.5688e-05 0.0120932 0.00323059 0.00615887 0.00323059 0.00615887  0.0308265     SS 13608.7 --> 11090 R2 = 0.185086
-4.5688e-05 0.0118847 0.00323059 0.00615887 0.00323059 0.00615887  0.0306179     SS 13608.7 --> 11090 R2 = 0.185086
-4.5688e-05 0.0116761 0.00323059 0.00615887 0.00323059 0.00615887  0.0304094     SS 13608.7 --> 11090 R2 = 0.185086
-4.5688e-05 0.0114676 0.00323059 0.00615887 0.00323059 0.00615887  0.0302008     SS 13608.7 --> 11090 R2 = 0.185086
-4.5688e-05 0.011259 0.00323059 0.00615887 0.00323059 0.00615887  0.0299923     SS 13608.7 --> 11090 R2 = 0.185086
-4.5688e-05 0.0110505 0.00323059 0.00615887 0.00323059 0.00615887  0.0297837     SS 13608.7 --> 11090 R2 = 0.185086
-4.5688e-05 0.010842 0.00323059 0.00615887 0.00323059 0.00615887  0.0295752     SS 13608.7 --> 11090 R2 = 0.185086
-4.5688e-05 0.0106334 0.00323059 0.00615887 0.00323059 0.00615887  0.0293667     SS 13608.7 --> 11090 R2 = 0.185086
-4.5688e-05 0.0104249 0.00323059 0.00615887 0.00323059 0.00615887  0.0291581     SS 13608.7 --> 11090 R2 = 0.185086
-4.5688e-05 0.0102163 0.00323059 0.00615887 0.00323059 0.00615887  0.0289496     SS 13608.7 --> 11090 R2 = 0.185086
-4.5688e-05 0.0100078 0.00323059 0.00615887 0.00323059 0.00615887  0.028741     SS 13608.7 --> 11090 R2 = 0.185086
-4.5688e-05 0.00979925 0.00323059 0.00615887 0.00323059 0.00615887  0.0285325     SS 13608.7 --> 11090 R2 = 0.185086
-4.5688e-05 0.00959071 0.00323059 0.00615887 0.00323059 0.00615887  0.028324     SS 13608.7 --> 11090 R2 = 0.185086
-4.5688e-05 0.00938218 0.00323059 0.00615887 0.00323059 0.00615887  0.0281154     SS 13608.7 --> 11090 R2 = 0.185086
-4.5688e-05 0.00917364 0.00323059 0.00615887 0.00323059 0.00615887  0.0279069     SS 13608.7 --> 11090 R2 = 0.185086
-4.5688e-05 0.00896511 0.00323059 0.00615887 0.00323059 0.00615887  0.0276983     SS 13608.7 --> 11090 R2 = 0.185086
-4.5688e-05 0.00875657 0.00323059 0.00615887 0.00323059 0.00615887  0.0274898     SS 13608.7 --> 11090 R2 = 0.185086
-4.5688e-05 0.00854804 0.00323059 0.00615887 0.00323059 0.00615887  0.0272813     SS 13608.7 --> 11090 R2 = 0.185086
-4.5688e-05 0.00833951 0.00323059 0.00615887 0.00323059 0.00615887  0.0270727     SS 13608.7 --> 11090 R2 = 0.185086
-4.5688e-05 0.00813097 0.00323059 0.00615887 0.00323059 0.00615887  0.0268642     SS 13608.7 --> 11090 R2 = 0.185086
-4.5688e-05 0.00792244 0.00323059 0.00615887 0.00323059 0.00615887  0.0266557     SS 13608.7 --> 11090 R2 = 0.185086
-4.5688e-05 0.00771392 0.00323059 0.00615887 0.00323059 0.00615887  0.0264472     SS 13608.7 --> 11090 R2 = 0.185086
-4.5688e-05 0.00750539 0.00323059 0.00615887 0.00323059 0.00615887  0.0262386     SS 13608.7 --> 11090 R2 = 0.185086
-4.5688e-05 0.00729686 0.00323059 0.00615887 0.00323059 0.00615887  0.0260301     SS 13608.7 --> 11090 R2 = 0.185086
-4.5688e-05 0.00708834 0.00323059 0.00615887 0.00323059 0.00615887  0.0258216     SS 13608.7 --> 11090 R2 = 0.185086
-4.5688e-05 0.00687981 0.00323059 0.00615887 0.00323059 0.00615887  0.025613     SS 13608.7 --> 11090 R2 = 0.185086
-4.5688e-05 0.00667129 0.00323059 0.00615887 0.00323059 0.00615887  0.0254045     SS 13608.7 --> 11090 R2 = 0.185086
-4.5688e-05 0.00646277 0.00323059 0.00615887 0.00323059 0.00615887  0.025196     SS 13608.7 --> 11090 R2 = 0.185086
-4.5688e-05 0.00625425 0.00323059 0.00615887 0.00323059 0.00615887  0.0249875     SS 13608.7 --> 11090 R2 = 0.185086
-4.5688e-05 0.00604573 0.00323059 0.00615887 0.00323059 0.00615887  0.024779     SS 13608.7 --> 11090 R2 = 0.185086
-4.5688e-05 0.00583721 0.00323059 0.00615887 0.00323059 0.00615887  0.0245705     SS 13608.7 --> 11090 R2 = 0.185086
-4.5688e-05 0.0056287 0.00323059 0.00615887 0.00323059 0.00615887  0.0243619     SS 13608.7 --> 11090 R2 = 0.185086
-4.5688e-05 0.00542018 0.00323059 0.00615887 0.00323059 0.00615887  0.0241534     SS 13608.7 --> 11090 R2 = 0.185086
-4.5688e-05 0.00521167 0.00323059 0.00615887 0.00323059 0.00615887  0.0239449     SS 13608.7 --> 11090 R2 = 0.185086
-4.5688e-05 0.00500316 0.00323059 0.00615887 0.00323059 0.00615887  0.0237364     SS 13608.7 --> 11090 R2 = 0.185086
-4.5688e-05 0.00479465 0.00323059 0.00615887 0.00323059 0.00615887  0.0235279     SS 13608.7 --> 11090 R2 = 0.185086
-4.5688e-05 0.00458615 0.00323059 0.00615887 0.00323059 0.00615887  0.0233194     SS 13608.7 --> 11090 R2 = 0.185086
-4.5688e-05 0.00437764 0.00323059 0.00615887 0.00323059 0.00615887  0.0231109     SS 13608.7 --> 11090 R2 = 0.185086
-4.5688e-05 0.00416914 0.00323059 0.00615887 0.00323059 0.00615887  0.0229024     SS 13608.7 --> 11090 R2 = 0.185086
-4.5688e-05 0.00396064 0.00323059 0.00615887 0.00323059 0.00615887  0.0226939     SS 13608.7 --> 11090 R2 = 0.185086
-4.5688e-05 0.00375214 0.00323059 0.00615887 0.00323059 0.00615887  0.0224854     SS 13608.7 --> 11090 R2 = 0.185086
-4.5688e-05 0.00354365 0.00323059 0.00615887 0.00323059 0.00615887  0.0222769     SS 13608.7 --> 11090 R2 = 0.185086
-4.5688e-05 0.00333515 0.00323059 0.00615887 0.00323059 0.00615887  0.0220684     SS 13608.7 --> 11090 R2 = 0.185086
-4.5688e-05 0.00312666 0.00323059 0.00615887 0.00323059 0.00615887  0.0218599     SS 13608.7 --> 11090 R2 = 0.185086
-4.5688e-05 0.00291817 0.00323059 0.00615887 0.00323059 0.00615887  0.0216514     SS 13608.7 --> 11090 R2 = 0.185086
-4.5688e-05 0.00270969 0.00323059 0.00615887 0.00323059 0.00615887  0.0214429     SS 13608.7 --> 11090 R2 = 0.185086
-4.5688e-05 0.00250121 0.00323059 0.00615887 0.00323059 0.00615887  0.0212344     SS 13608.7 --> 11090 R2 = 0.185086
-4.5688e-05 0.00229273 0.00323059 0.00615887 0.00323059 0.00615887  0.021026     SS 13608.7 --> 11090 R2 = 0.185086
-4.5688e-05 0.00208426 0.00323059 0.00615887 0.00323059 0.00615887  0.0208175     SS 13608.7 --> 11090 R2 = 0.185086
-4.5688e-05 0.00187579 0.00323059 0.00615887 0.00323059 0.00615887  0.020609     SS 13608.7 --> 11090 R2 = 0.185086
-4.5688e-05 0.00166732 0.00323059 0.00615887 0.00323059 0.00615887  0.0204006     SS 13608.7 --> 11090 R2 = 0.185086
-4.5688e-05 0.00145886 0.00323059 0.00615887 0.00323059 0.00615887  0.0201921     SS 13608.7 --> 11090 R2 = 0.185086
-4.5688e-05 0.00125041 0.00323059 0.00615887 0.00323059 0.00615887  0.0199836     SS 13608.7 --> 11090 R2 = 0.185086
-4.5688e-05 0.00104197 0.00323059 0.00615887 0.00323059 0.00615887  0.0197752     SS 13608.7 --> 11090 R2 = 0.185086
-4.5688e-05 0.00083353 0.00323059 0.00615887 0.00323059 0.00615887  0.0195668     SS 13608.7 --> 11090 R2 = 0.185086
-4.5688e-05 0.000625104 0.00323059 0.00615887 0.00323059 0.00615887  0.0193583     SS 13608.7 --> 11090 R2 = 0.185086
-4.5688e-05 0.000416693 0.00323059 0.00615887 0.00323059 0.00615887  0.0191499     SS 13608.7 --> 11090 R2 = 0.185086
-4.5688e-05 0.000208303 0.00323059 0.00615887 0.00323059 0.00615887  0.0189415     SS 13608.7 --> 11090 R2 = 0.185086
-4.5688e-05 -4.33991e-08 0.00323059 0.00615887 0.00323059 0.00615887  0.0187332     SS 13608.7 --> 11090 R2 = 0.185086
-4.5688e-05 -4.33991e-08 0.00323059 0.00600649 0.00323059 0.00615887  0.0185808     SS 13608.7 --> 11090 R2 = 0.185086
-4.5688e-05 -4.33991e-08 0.00323059 0.00600649 0.00323059 0.00600649  0.0184284     SS 13608.7 --> 11090 R2 = 0.185086
-4.5688e-05 -4.33991e-08 0.00308962 0.00600649 0.00323059 0.00600649  0.0182875     SS 13608.7 --> 11090 R2 = 0.185086
-4.5688e-05 -4.33991e-08 0.00308962 0.00600649 0.00308962 0.00600649  0.0181465     SS 13608.7 --> 11090 R2 = 0.185086
-4.5688e-05 -4.33991e-08 0.00308962 0.00590783 0.00308962 0.00600649  0.0180478     SS 13608.7 --> 11090 R2 = 0.185086
-4.5688e-05 -4.33991e-08 0.00308962 0.00590783 0.00308962 0.00590783  0.0179492     SS 13608.7 --> 11090 R2 = 0.185086
-4.5688e-05 -4.33991e-08 0.00301318 0.00590783 0.00308962 0.00590783  0.0178727     SS 13608.7 --> 11090 R2 = 0.185086
-4.5688e-05 -4.33991e-08 0.00301318 0.00590783 0.00301318 0.00590783  0.0177963     SS 13608.7 --> 11090 R2 = 0.185086
-4.5688e-05 -4.33991e-08 0.00301318 0.00583736 0.00301318 0.00590783  0.0177258     SS 13608.7 --> 11090 R2 = 0.185086
-4.5688e-05 -4.33991e-08 0.00301318 0.00583736 0.00301318 0.00583736  0.0176554     SS 13608.7 --> 11090 R2 = 0.185086
-4.5688e-05 -4.33991e-08 0.00301318 0.0057838 0.00301318 0.00583736  0.0176018     SS 13608.7 --> 11090 R2 = 0.185086
-4.5688e-05 -4.33991e-08 0.00301318 0.0057838 0.00301318 0.0057838  0.0175482     SS 13608.7 --> 11090 R2 = 0.185086
-4.5688e-05 -4.33991e-08 0.00296369 0.0057838 0.00301318 0.0057838  0.0174987     SS 13608.7 --> 11090 R2 = 0.185086
-4.5688e-05 -4.33991e-08 0.00296369 0.0057838 0.00296369 0.0057838  0.0174492     SS 13608.7 --> 11090 R2 = 0.185086
-4.5688e-05 -4.33991e-08 0.00296369 0.00574128 0.00296369 0.0057838  0.0174067     SS 13608.7 --> 11090 R2 = 0.185086
-4.5688e-05 -4.33991e-08 0.00296369 0.00574128 0.00296369 0.00574128  0.0173642     SS 13608.7 --> 11090 R2 = 0.185086
-4.5688e-05 -4.33991e-08 0.00292834 0.00574128 0.00296369 0.00574128  0.0173289     SS 13608.7 --> 11090 R2 = 0.185086
-4.5688e-05 -4.33991e-08 0.00292834 0.00574128 0.00292834 0.00574128  0.0172935     SS 13608.7 --> 11090 R2 = 0.185086
-4.5688e-05 -4.33991e-08 0.00292834 0.00570645 0.00292834 0.00574128  0.0172587     SS 13608.7 --> 11090 R2 = 0.185086
-4.5688e-05 -4.33991e-08 0.00292834 0.00570645 0.00292834 0.00570645  0.0172238     SS 13608.7 --> 11090 R2 = 0.185086
-4.5688e-05 -4.33991e-08 0.00292834 0.00567722 0.00292834 0.00570645  0.0171946     SS 13608.7 --> 11090 R2 = 0.185086
-4.5688e-05 -4.33991e-08 0.00292834 0.00567722 0.00292834 0.00567722  0.0171654     SS 13608.7 --> 11090 R2 = 0.185086
-4.5688e-05 -4.33991e-08 0.00290147 0.00567722 0.00292834 0.00567722  0.0171385     SS 13608.7 --> 11090 R2 = 0.185086
-4.5688e-05 -4.33991e-08 0.00290147 0.00567722 0.00290147 0.00567722  0.0171116     SS 13608.7 --> 11090 R2 = 0.185086
-4.5688e-05 -4.33991e-08 0.00290147 0.00565221 0.00290147 0.00567722  0.0170866     SS 13608.7 --> 11090 R2 = 0.185086
-4.5688e-05 -4.33991e-08 0.00290147 0.00565221 0.00290147 0.00565221  0.0170616     SS 13608.7 --> 11090 R2 = 0.185086
-4.5688e-05 -4.33991e-08 0.00290147 0.00563048 0.00290147 0.00565221  0.0170399     SS 13608.7 --> 11090 R2 = 0.185086
-4.5688e-05 -4.33991e-08 0.00290147 0.00563048 0.00290147 0.00563048  0.0170182     SS 13608.7 --> 11090 R2 = 0.185086
-4.5688e-05 -4.33991e-08 0.00288014 0.00563048 0.00290147 0.00563048  0.0169968     SS 13608.7 --> 11090 R2 = 0.185086
-4.5688e-05 -4.33991e-08 0.00288014 0.00563048 0.00288014 0.00563048  0.0169755     SS 13608.7 --> 11090 R2 = 0.185086
-4.5688e-05 -4.33991e-08 0.00288014 0.00561137 0.00288014 0.00563048  0.0169564     SS 13608.7 --> 11090 R2 = 0.185086
-4.5688e-05 -4.33991e-08 0.00288014 0.00561137 0.00288014 0.00561137  0.0169373     SS 13608.7 --> 11090 R2 = 0.185086
-4.5688e-05 -4.33991e-08 0.00286267 0.00561137 0.00288014 0.00561137  0.0169198     SS 13608.7 --> 11090 R2 = 0.185086
-4.5688e-05 -4.33991e-08 0.00286267 0.00561137 0.00286267 0.00561137  0.0169023     SS 13608.7 --> 11090 R2 = 0.185086
-4.5688e-05 -4.33991e-08 0.00286267 0.00559437 0.00286267 0.00561137  0.0168853     SS 13608.7 --> 11090 R2 = 0.185086
-4.5688e-05 -4.33991e-08 0.00286267 0.00557911 0.00286267 0.00561137  0.0168701     SS 13608.7 --> 11090 R2 = 0.185086
-4.5688e-05 -4.33991e-08 0.002848 0.00557911 0.00286267 0.00561137  0.0168554     SS 13608.7 --> 11090 R2 = 0.185086
-4.5688e-05 -4.33991e-08 0.002848 0.00557911 0.002848 0.00561137  0.0168408     SS 13608.7 --> 11090 R2 = 0.185086
-4.5688e-05 -4.33991e-08 0.002848 0.00556562 0.002848 0.00561137  0.0168273     SS 13608.7 --> 11090 R2 = 0.185086
-4.5688e-05 -4.33991e-08 0.00283546 0.00556562 0.002848 0.00561137  0.0168147     SS 13608.7 --> 11090 R2 = 0.185086
-4.5688e-05 -4.33991e-08 0.00283546 0.00556562 0.00283546 0.00561137  0.0168022     SS 13608.7 --> 11090 R2 = 0.185086
-4.5688e-05 -4.33991e-08 0.00283546 0.00555357 0.00283546 0.00561137  0.0167901     SS 13608.7 --> 11090 R2 = 0.185086
-4.5688e-05 -4.33991e-08 0.00282456 0.00555357 0.00283546 0.00561137  0.0167792     SS 13608.7 --> 11090 R2 = 0.185086
-4.5688e-05 -4.33991e-08 0.00282456 0.00555357 0.00282456 0.00561137  0.0167683     SS 13608.7 --> 11090 R2 = 0.185086
-4.5688e-05 -4.33991e-08 0.00282456 0.00554272 0.00282456 0.00561137  0.0167575     SS 13608.7 --> 11090 R2 = 0.185086
-4.5688e-05 -4.33991e-08 0.00282456 0.00553289 0.00282456 0.00561137  0.0167476     SS 13608.7 --> 11090 R2 = 0.185086
-4.5688e-05 -4.33991e-08 0.00281497 0.00553289 0.00282456 0.00561137  0.0167381     SS 13608.7 --> 11090 R2 = 0.185086
-4.5688e-05 -4.33991e-08 0.00281497 0.00553289 0.00281497 0.00561137  0.0167285     SS 13608.7 --> 11090 R2 = 0.185086
-4.5688e-05 -4.33991e-08 0.00281497 0.00552393 0.00281497 0.00561137  0.0167195     SS 13608.7 --> 11090 R2 = 0.185086
-4.5688e-05 -4.33991e-08 0.00280644 0.00552393 0.00281497 0.00561137  0.016711     SS 13608.7 --> 11090 R2 = 0.185086
-4.5688e-05 -4.33991e-08 0.00280644 0.00552393 0.00280644 0.00561137  0.0167025     SS 13608.7 --> 11090 R2 = 0.185086
-4.5688e-05 -4.33991e-08 0.00280644 0.00551571 0.00280644 0.00561137  0.0166942     SS 13608.7 --> 11090 R2 = 0.185086
-4.5688e-05 -4.33991e-08 0.00279879 0.00551571 0.00280644 0.00561137  0.0166866     SS 13608.7 --> 11090 R2 = 0.185086
-4.5688e-05 -4.33991e-08 0.00279879 0.00551571 0.00279879 0.00561137  0.0166789     SS 13608.7 --> 11090 R2 = 0.185086
-4.5688e-05 -4.33991e-08 0.00279879 0.00550814 0.00279879 0.00561137  0.0166714     SS 13608.7 --> 11090 R2 = 0.185086
-4.5688e-05 -4.33991e-08 0.00279879 0.00550114 0.00279879 0.00561137  0.0166644     SS 13608.7 --> 11090 R2 = 0.185086
-4.5688e-05 -4.33991e-08 0.00279202 0.00550114 0.00279879 0.00561137  0.0166576     SS 13608.7 --> 11090 R2 = 0.185086
-4.5688e-05 -4.33991e-08 0.00279202 0.00550114 0.00279202 0.00561137  0.0166508     SS 13608.7 --> 11090 R2 = 0.185086
-4.5688e-05 -4.33991e-08 0.00279202 0.00549463 0.00279202 0.00561137  0.0166443     SS 13608.7 --> 11090 R2 = 0.185086
-4.5688e-05 -4.33991e-08 0.00279202 0.00548857 0.00279202 0.00561137  0.0166382     SS 13608.7 --> 11090 R2 = 0.185086
-4.5688e-05 -4.33991e-08 0.00278597 0.00548857 0.00279202 0.00561137  0.0166322     SS 13608.7 --> 11090 R2 = 0.185086
-4.5688e-05 -4.33991e-08 0.00278597 0.00548857 0.00278597 0.00561137  0.0166262     SS 13608.7 --> 11090 R2 = 0.185086
-4.5688e-05 -4.33991e-08 0.00278597 0.0054829 0.00278597 0.00561137  0.0166205     SS 13608.7 --> 11090 R2 = 0.185086
-4.5688e-05 -4.33991e-08 0.00278053 0.0054829 0.00278597 0.00561137  0.016615     SS 13608.7 --> 11090 R2 = 0.185086
-4.5688e-05 -4.33991e-08 0.00278053 0.0054829 0.00278053 0.00561137  0.0166096     SS 13608.7 --> 11090 R2 = 0.185086
-4.5688e-05 -4.33991e-08 0.00278053 0.00547758 0.00278053 0.00561137  0.0166043     SS 13608.7 --> 11090 R2 = 0.185086
-4.5688e-05 -4.33991e-08 0.00278053 0.00547257 0.00278053 0.00561137  0.0165993     SS 13608.7 --> 11090 R2 = 0.185086
-4.5688e-05 -4.33991e-08 0.0027756 0.00547257 0.00278053 0.00561137  0.0165943     SS 13608.7 --> 11090 R2 = 0.185086
-4.5688e-05 -4.33991e-08 0.0027756 0.00547257 0.0027756 0.00561137  0.0165894     SS 13608.7 --> 11090 R2 = 0.185086
-4.5688e-05 -4.33991e-08 0.0027756 0.00546785 0.0027756 0.00561137  0.0165847     SS 13608.7 --> 11090 R2 = 0.185086
-4.5688e-05 -4.33991e-08 0.00277111 0.00546785 0.0027756 0.00561137  0.0165802     SS 13608.7 --> 11090 R2 = 0.185086
-4.5688e-05 -4.33991e-08 0.00277111 0.00546785 0.00277111 0.00561137  0.0165757     SS 13608.7 --> 11090 R2 = 0.185086
-4.5688e-05 -4.33991e-08 0.00277111 0.00546339 0.00277111 0.00561137  0.0165712     SS 13608.7 --> 11090 R2 = 0.185086
-4.5688e-05 -4.33991e-08 0.00277111 0.00545917 0.00277111 0.00561137  0.016567     SS 13608.7 --> 11090 R2 = 0.185086
-4.5688e-05 -4.33991e-08 0.00276699 0.00545917 0.00277111 0.00561137  0.0165629     SS 13608.7 --> 11090 R2 = 0.185086
-4.5688e-05 -4.33991e-08 0.00276699 0.00545917 0.00276699 0.00561137  0.0165588     SS 13608.7 --> 11090 R2 = 0.185086
-4.5688e-05 -4.33991e-08 0.00276699 0.00545516 0.00276699 0.00561137  0.0165548     SS 13608.7 --> 11090 R2 = 0.185086
-4.5688e-05 -4.33991e-08 0.00276699 0.00545135 0.00276699 0.00561137  0.016551     SS 13608.7 --> 11090 R2 = 0.185086
-4.5688e-05 -4.33991e-08 0.00276319 0.00545135 0.00276699 0.00561137  0.0165472     SS 13608.7 --> 11090 R2 = 0.185086
-4.5688e-05 -4.33991e-08 0.00276319 0.00545135 0.00276319 0.00561137  0.0165434     SS 13608.7 --> 11090 R2 = 0.185086
-4.5688e-05 -4.33991e-08 0.00276319 0.00544772 0.00276319 0.00561137  0.0165397     SS 13608.7 --> 11090 R2 = 0.185086
-4.5688e-05 -4.33991e-08 0.00275967 0.00544772 0.00276319 0.00561137  0.0165362     SS 13608.7 --> 11090 R2 = 0.185086
-4.5688e-05 -4.33991e-08 0.00275967 0.00544772 0.00275967 0.00561137  0.0165327     SS 13608.7 --> 11090 R2 = 0.185086
-4.5688e-05 -4.33991e-08 0.00275967 0.00544426 0.00275967 0.00561137  0.0165292     SS 13608.7 --> 11090 R2 = 0.185086
-4.5688e-05 -4.33991e-08 0.00275967 0.00544095 0.00275967 0.00561137  0.0165259     SS 13608.7 --> 11090 R2 = 0.185086
-4.5688e-05 -4.33991e-08 0.00275641 0.00544095 0.00275967 0.00561137  0.0165227     SS 13608.7 --> 11090 R2 = 0.185086
-4.5688e-05 -4.33991e-08 0.00275641 0.00544095 0.00275641 0.00561137  0.0165194     SS 13608.7 --> 11090 R2 = 0.185086
-4.5688e-05 -4.33991e-08 0.00275641 0.00543779 0.00275641 0.00561137  0.0165162     SS 13608.7 --> 11090 R2 = 0.185086
-4.5688e-05 -4.33991e-08 0.00275337 0.00543779 0.00275641 0.00561137  0.0165132     SS 13608.7 --> 11090 R2 = 0.185086
-4.5688e-05 -4.33991e-08 0.00275337 0.00543779 0.00275337 0.00561137  0.0165102     SS 13608.7 --> 11090 R2 = 0.185086
-4.5688e-05 -4.33991e-08 0.00275337 0.00543476 0.00275337 0.00561137  0.0165071     SS 13608.7 --> 11090 R2 = 0.185086
-4.5688e-05 -4.33991e-08 0.00275337 0.00543185 0.00275337 0.00561137  0.0165042     SS 13608.7 --> 11090 R2 = 0.185086
-4.5688e-05 -4.33991e-08 0.00275337 0.00543185 0.00275337 0.00561137  0.0165042     SS 13608.7 --> 11090 R2 = 0.185086
-4.5688e-05 -4.33991e-08 0.00275337 0.00543185 0.00275052 0.00561137  0.0165014     SS 13608.7 --> 11090 R2 = 0.185086
-4.5688e-05 -4.33991e-08 0.00275337 0.00542905 0.00275052 0.00561137  0.0164986     SS 13608.7 --> 11090 R2 = 0.185086
-4.5688e-05 -4.33991e-08 0.00275337 0.00542637 0.00275052 0.00561137  0.0164959     SS 13608.7 --> 11090 R2 = 0.185086
-4.5688e-05 -4.33991e-08 0.0027507 0.00542637 0.00275052 0.00561137  0.0164932     SS 13608.7 --> 11090 R2 = 0.185086
-4.5688e-05 -4.33991e-08 0.0027507 0.00542637 0.00274785 0.00561137  0.0164906     SS 13608.7 --> 11090 R2 = 0.185086
-4.5688e-05 -4.33991e-08 0.0027507 0.00542378 0.00274785 0.00561137  0.016488     SS 13608.7 --> 11090 R2 = 0.185086
-4.5688e-05 -4.33991e-08 0.00274818 0.00542378 0.00274785 0.00561137  0.0164855     SS 13608.7 --> 11090 R2 = 0.185086
-4.5688e-05 -4.33991e-08 0.00274818 0.00542378 0.00274534 0.00561137  0.0164829     SS 13608.7 --> 11090 R2 = 0.185086
-4.5688e-05 -4.33991e-08 0.00274818 0.00542129 0.00274534 0.00561137  0.0164805     SS 13608.7 --> 11090 R2 = 0.185086
-4.5688e-05 -4.33991e-08 0.00274818 0.00541889 0.00274534 0.00561137  0.0164781     SS 13608.7 --> 11090 R2 = 0.185086
-4.5688e-05 -4.33991e-08 0.00274581 0.00541889 0.00274534 0.00561137  0.0164757     SS 13608.7 --> 11090 R2 = 0.185086
-4.5688e-05 -4.33991e-08 0.00274581 0.00541889 0.00274298 0.00561137  0.0164733     SS 13608.7 --> 11090 R2 = 0.185086
-4.5688e-05 -4.33991e-08 0.00274581 0.00541657 0.00274298 0.00561137  0.016471     SS 13608.7 --> 11090 R2 = 0.185086
-4.5688e-05 -4.33991e-08 0.00274581 0.00541433 0.00274298 0.00561137  0.0164688     SS 13608.7 --> 11090 R2 = 0.185086
-4.5688e-05 -4.33991e-08 0.00274357 0.00541433 0.00274298 0.00561137  0.0164665     SS 13608.7 --> 11090 R2 = 0.185086
-4.5688e-05 -4.33991e-08 0.00274357 0.00541433 0.00274074 0.00561137  0.0164643     SS 13608.7 --> 11090 R2 = 0.185086
-4.5688e-05 -4.33991e-08 0.00274357 0.00541216 0.00274074 0.00561137  0.0164621     SS 13608.7 --> 11090 R2 = 0.185086
-4.5688e-05 -4.33991e-08 0.00274145 0.00541216 0.00274074 0.00561137  0.01646     SS 13608.7 --> 11090 R2 = 0.185086
-4.5688e-05 -4.33991e-08 0.00274145 0.00541216 0.00274074 0.00561137  0.01646     SS 13608.7 --> 11090 R2 = 0.185086
-4.5688e-05 -4.33991e-08 0.00274145 0.00541007 0.00274074 0.00561137  0.0164579     SS 13608.7 --> 11090 R2 = 0.185086
-4.5688e-05 -4.33991e-08 0.00274145 0.00540804 0.00274074 0.00561137  0.0164559     SS 13608.7 --> 11090 R2 = 0.185086
-4.5688e-05 -4.33991e-08 0.00273944 0.00540804 0.00274074 0.00561137  0.0164539     SS 13608.7 --> 11090 R2 = 0.185086
-4.5688e-05 -4.33991e-08 0.00273944 0.00540804 0.00273873 0.00561137  0.0164518     SS 13608.7 --> 11090 R2 = 0.185086
-4.5688e-05 -4.33991e-08 0.00273944 0.00540607 0.00273873 0.00561137  0.0164499     SS 13608.7 --> 11090 R2 = 0.185086
-4.5688e-05 -4.33991e-08 0.00273753 0.00540607 0.00273873 0.00561137  0.016448     SS 13608.7 --> 11090 R2 = 0.185086
-4.5688e-05 -4.33991e-08 0.00273753 0.00540607 0.00273681 0.00561137  0.016446     SS 13608.7 --> 11090 R2 = 0.185086
-4.5688e-05 -4.33991e-08 0.00273753 0.00540416 0.00273681 0.00561137  0.0164441     SS 13608.7 --> 11090 R2 = 0.185086
-4.5688e-05 -4.33991e-08 0.00273753 0.00540231 0.00273681 0.00561137  0.0164423     SS 13608.7 --> 11090 R2 = 0.185086
-4.5688e-05 -4.33991e-08 0.0027357 0.00540231 0.00273681 0.00561137  0.0164405     SS 13608.7 --> 11090 R2 = 0.185086
-4.5688e-05 -4.33991e-08 0.0027357 0.00540231 0.00273499 0.00561137  0.0164386     SS 13608.7 --> 11090 R2 = 0.185086
-4.5688e-05 -4.33991e-08 0.0027357 0.00540051 0.00273499 0.00561137  0.0164368     SS 13608.7 --> 11090 R2 = 0.185086
-4.5688e-05 -4.33991e-08 0.0027357 0.00539876 0.00273499 0.00561137  0.0164351     SS 13608.7 --> 11090 R2 = 0.185086
-4.5688e-05 -4.33991e-08 0.00273397 0.00539876 0.00273499 0.00561137  0.0164334     SS 13608.7 --> 11090 R2 = 0.185086
-4.5688e-05 -4.33991e-08 0.00273397 0.00539876 0.00273325 0.00561137  0.0164316     SS 13608.7 --> 11090 R2 = 0.185086
-4.5688e-05 -4.33991e-08 0.00273397 0.00539706 0.00273325 0.00561137  0.0164299     SS 13608.7 --> 11090 R2 = 0.185086
-4.5688e-05 -4.33991e-08 0.0027323 0.00539706 0.00273325 0.00561137  0.0164283     SS 13608.7 --> 11090 R2 = 0.185086
-4.5688e-05 -4.33991e-08 0.0027323 0.00539706 0.00273159 0.00561137  0.0164266     SS 13608.7 --> 11090 R2 = 0.185086
-4.5688e-05 -4.33991e-08 0.0027323 0.00539541 0.00273159 0.00561137  0.0164249     SS 13608.7 --> 11090 R2 = 0.185086
-4.5688e-05 -4.33991e-08 0.0027323 0.0053938 0.00273159 0.00561137  0.0164233     SS 13608.7 --> 11090 R2 = 0.185086
-4.5688e-05 -4.33991e-08 0.00273072 0.0053938 0.00273159 0.00561137  0.0164217     SS 13608.7 --> 11090 R2 = 0.185086
-4.5688e-05 -4.33991e-08 0.00273072 0.0053938 0.00273 0.00561137  0.0164202     SS 13608.7 --> 11090 R2 = 0.185086
-4.5688e-05 -4.33991e-08 0.00273072 0.00539223 0.00273 0.00561137  0.0164186     SS 13608.7 --> 11090 R2 = 0.185086
-4.5688e-05 -4.33991e-08 0.00273072 0.00539071 0.00273 0.00561137  0.0164171     SS 13608.7 --> 11090 R2 = 0.185086
-4.5688e-05 -4.33991e-08 0.00272919 0.00539071 0.00273 0.00561137  0.0164155     SS 13608.7 --> 11090 R2 = 0.185086
-4.5688e-05 -4.33991e-08 0.00272919 0.00539071 0.00272848 0.00561137  0.016414     SS 13608.7 --> 11090 R2 = 0.185086
-4.5688e-05 -4.33991e-08 0.00272919 0.00538922 0.00272848 0.00561137  0.0164125     SS 13608.7 --> 11090 R2 = 0.185086
-4.5688e-05 -4.33991e-08 0.00272773 0.00538922 0.00272848 0.00561137  0.0164111     SS 13608.7 --> 11090 R2 = 0.185086
-4.5688e-05 -4.33991e-08 0.00272773 0.00538922 0.00272702 0.00561137  0.0164096     SS 13608.7 --> 11090 R2 = 0.185086
-4.5688e-05 -4.33991e-08 0.00272773 0.00538777 0.00272702 0.00561137  0.0164082     SS 13608.7 --> 11090 R2 = 0.185086
-4.5688e-05 -4.33991e-08 0.00272773 0.00538635 0.00272702 0.00561137  0.0164067     SS 13608.7 --> 11090 R2 = 0.185086
-4.5688e-05 -4.33991e-08 0.00272633 0.00538635 0.00272702 0.00561137  0.0164053     SS 13608.7 --> 11090 R2 = 0.185086
-4.5688e-05 -4.33991e-08 0.00272633 0.00538635 0.00272562 0.00561137  0.0164039     SS 13608.7 --> 11090 R2 = 0.185086
-4.5688e-05 -4.33991e-08 0.00272633 0.00538497 0.00272562 0.00561137  0.0164026     SS 13608.7 --> 11090 R2 = 0.185086
-4.5688e-05 -4.33991e-08 0.00272633 0.00538362 0.00272562 0.00561137  0.0164012     SS 13608.7 --> 11090 R2 = 0.185086
-4.5688e-05 -4.33991e-08 0.00272633 0.00538362 0.00272562 0.00561137  0.0164012     SS 13608.7 --> 11090 R2 = 0.185086
-4.5688e-05 -4.33991e-08 0.00272633 0.00538362 0.00272427 0.00561137  0.0163999     SS 13608.7 --> 11090 R2 = 0.185086
-4.5688e-05 -4.33991e-08 0.00272633 0.0053823 0.00272427 0.00561137  0.0163985     SS 13608.7 --> 11090 R2 = 0.185086
-4.5688e-05 -4.33991e-08 0.00272503 0.0053823 0.00272427 0.00561137  0.0163972     SS 13608.7 --> 11090 R2 = 0.185086
-4.5688e-05 -4.33991e-08 0.00272503 0.0053823 0.00272297 0.00561137  0.0163959     SS 13608.7 --> 11090 R2 = 0.185086
-4.5688e-05 -4.33991e-08 0.00272503 0.00538101 0.00272297 0.00561137  0.0163946     SS 13608.7 --> 11090 R2 = 0.185086
-4.5688e-05 -4.33991e-08 0.00272503 0.00537975 0.00272297 0.00561137  0.0163934     SS 13608.7 --> 11090 R2 = 0.185086
-4.5688e-05 -4.33991e-08 0.00272378 0.00537975 0.00272297 0.00561137  0.0163921     SS 13608.7 --> 11090 R2 = 0.185086
-4.5688e-05 -4.33991e-08 0.00272378 0.00537975 0.00272172 0.00561137  0.0163909     SS 13608.7 --> 11090 R2 = 0.185086
-4.5688e-05 -4.33991e-08 0.00272378 0.00537852 0.00272172 0.00561137  0.0163897     SS 13608.7 --> 11090 R2 = 0.185086
-4.5688e-05 -4.33991e-08 0.00272257 0.00537852 0.00272172 0.00561137  0.0163884     SS 13608.7 --> 11090 R2 = 0.185086
-4.5688e-05 -4.33991e-08 0.00272257 0.00537852 0.00272052 0.00561137  0.0163872     SS 13608.7 --> 11090 R2 = 0.185086
-4.5688e-05 -4.33991e-08 0.00272257 0.00537731 0.00272052 0.00561137  0.016386     SS 13608.7 --> 11090 R2 = 0.185086
-4.5688e-05 -4.33991e-08 0.00272257 0.00537613 0.00272052 0.00561137  0.0163849     SS 13608.7 --> 11090 R2 = 0.185086
-4.5688e-05 -4.33991e-08 0.00272141 0.00537613 0.00272052 0.00561137  0.0163837     SS 13608.7 --> 11090 R2 = 0.185086
-4.5688e-05 -4.33991e-08 0.00272141 0.00537613 0.00271935 0.00561137  0.0163825     SS 13608.7 --> 11090 R2 = 0.185086
-4.5688e-05 -4.33991e-08 0.00272141 0.00537498 0.00271935 0.00561137  0.0163814     SS 13608.7 --> 11090 R2 = 0.185086
-4.5688e-05 -4.33991e-08 0.00272141 0.00537384 0.00271935 0.00561137  0.0163802     SS 13608.7 --> 11090 R2 = 0.185086
-4.5688e-05 -4.33991e-08 0.00272028 0.00537384 0.00271935 0.00561137  0.0163791     SS 13608.7 --> 11090 R2 = 0.185086
-4.5688e-05 -4.33991e-08 0.00272028 0.00537384 0.00271823 0.00561137  0.016378     SS 13608.7 --> 11090 R2 = 0.185086
-4.5688e-05 -4.33991e-08 0.00272028 0.00537274 0.00271823 0.00561137  0.0163769     SS 13608.7 --> 11090 R2 = 0.185086
-4.5688e-05 -4.33991e-08 0.00271919 0.00537274 0.00271823 0.00561137  0.0163758     SS 13608.7 --> 11090 R2 = 0.185086
-4.5688e-05 -4.33991e-08 0.00271919 0.00537274 0.00271714 0.00561137  0.0163747     SS 13608.7 --> 11090 R2 = 0.185086
-4.5688e-05 -4.33991e-08 0.00271919 0.00537165 0.00271714 0.00561137  0.0163736     SS 13608.7 --> 11090 R2 = 0.185086
