* Mon Jul 21 17:38:36 2003
* criterion="a"; dim={500,100}; x="test/bigx.dat"; r2=0.2; k=20; permute=0.8; seed=23432; reps=500;
500 453
250.5 144.482 6.46142 1 500
0.256578 0.00668333 0.000298888 0.234578 0.274881
1.212 0.409134 0.018297 1 2
0.254787 0.00834958 0.000373404 0.219437 0.285174
2.596 0.913484 0.0408522 2 5
0.253965 0.00917197 0.000410183 0.219437 0.285174
4.08 1.49334 0.0667841 3 9
0.252594 0.0100174 0.000447992 0.207162 0.285174
5.704 2.15631 0.0964332 4 14
0.251535 0.0112127 0.000501445 0.207162 0.285518
7.442 2.88501 0.129022 5 19
0.250174 0.0120738 0.000539958 0.201943 0.285518
9.294 3.68602 0.164844 6 24
0.24863 0.0129229 0.000577928 0.199601 0.285518
11.278 4.53186 0.202671 7 29
0.24724 0.0136963 0.000612518 0.197369 0.285518
13.386 5.4384 0.243212 8 35
0.246174 0.0149599 0.000669029 0.181877 0.285518
15.592 6.41059 0.286691 9 41
0.245175 0.0154324 0.000690157 0.181877 0.285518
17.904 7.4311 0.332329 10 47
0.244214 0.016124 0.000721089 0.160982 0.285518
20.326 8.494 0.379863 11 53
0.243268 0.0165532 0.000740282 0.160982 0.285518
22.862 9.59495 0.429099 12 59
0.242148 0.0172424 0.000771102 0.160982 0.285518
25.502 10.7466 0.480602 13 65
0.240984 0.0178084 0.000796417 0.160982 0.285518
28.248 11.9584 0.534798 14 71
0.239933 0.0184201 0.000823771 0.142325 0.285518
31.094 13.2102 0.590779 15 77
0.238474 0.0188139 0.000841383 0.142325 0.285518
34.046 14.476 0.647387 16 83
0.237617 0.0194228 0.000868616 0.142325 0.285518
37.09 15.797 0.706463 17 91
0.236525 0.0199385 0.000891675 0.142325 0.285518
40.238 17.1428 0.766651 18 99
0.235543 0.0204703 0.00091546 0.142325 0.286729
43.486 18.51 0.827791 19 107
0.234346 0.0209585 0.000937291 0.142325 0.286729
46.842 19.9086 0.890341 20 115
0.233097 0.0215374 0.000963183 0.142325 0.286729
50.322 21.3329 0.954036 21 123
0.232006 0.0219483 0.000981558 0.142325 0.286729
53.91 22.8136 1.02025 22 131
0.231006 0.0221607 0.000991056 0.142325 0.286729
57.602 24.3319 1.08815 23 139
0.230079 0.0225022 0.00100633 0.142325 0.286729
61.382 25.866 1.15676 24 147
0.229031 0.0227716 0.00101838 0.142325 0.285174
65.264 27.439 1.22711 25 155
0.227923 0.022962 0.00102689 0.142325 0.285174
69.256 29.0398 1.2987 26 163
0.226618 0.0233595 0.00104467 0.142325 0.283732
73.358 30.6938 1.37267 27 172
0.22586 0.0236 0.00105542 0.142325 0.283732
77.536 32.3703 1.44764 28 181
0.225088 0.0239494 0.00107105 0.142325 0.280495
81.804 34.0826 1.52422 29 190
0.224125 0.0240723 0.00107655 0.142325 0.280495
86.164 35.8085 1.60141 30 199
0.222921 0.0244304 0.00109256 0.142325 0.280495
90.644 37.562 1.67982 31 208
0.22201 0.0246934 0.00110432 0.142325 0.279062
95.206 39.3453 1.75957 32 217
0.221432 0.0252766 0.0011304 0.142325 0.279062
99.862 41.1514 1.84034 33 226
0.220197 0.0254842 0.00113969 0.142325 0.279062
104.628 42.9833 1.92227 34 235
0.218927 0.0255112 0.00114089 0.142325 0.279062
109.512 44.8397 2.00529 35 244
0.217862 0.0258009 0.00115385 0.136891 0.279062
114.49 46.7314 2.08989 36 253
0.216906 0.0258749 0.00115716 0.136891 0.279062
119.554 48.6339 2.17497 37 262
0.215637 0.0262857 0.00117553 0.136891 0.279062
124.73 50.5572 2.26099 38 271
0.214591 0.026816 0.00119925 0.136891 0.279062
130.01 52.5037 2.34804 39 280
0.213588 0.0266448 0.00119159 0.136891 0.279062
135.388 54.4745 2.43617 40 290
0.212517 0.0268525 0.00120088 0.136891 0.279062
140.864 56.4681 2.52533 41 303
0.21144 0.0272234 0.00121747 0.129763 0.279062
146.45 58.4911 2.6158 42 317
0.210508 0.0274019 0.00122545 0.129763 0.279062
152.13 60.5298 2.70697 43 331
0.20929 0.0273919 0.001225 0.129763 0.279062
157.922 62.5851 2.79889 44 345
0.208014 0.0273569 0.00122344 0.129763 0.279062
163.822 64.6486 2.89117 45 359
0.207187 0.0273498 0.00122312 0.129081 0.277329
169.798 66.7359 2.98452 46 373
0.206252 0.0277846 0.00124256 0.129081 0.277329
175.868 68.8473 3.07895 47 387
0.205243 0.0280223 0.0012532 0.129081 0.277329
182.048 70.9945 3.17497 48 401
0.204354 0.0286971 0.00128337 0.117248 0.277329
188.346 73.2085 3.27398 49 415
0.203615 0.0287626 0.0012863 0.117248 0.277329
194.72 75.4443 3.37397 50 429
0.202803 0.0289373 0.00129412 0.117248 0.277329
201.186 77.6974 3.47474 51 443
0.201828 0.0289492 0.00129465 0.117248 0.277329
207.752 79.9789 3.57677 52 457
0.200789 0.0292708 0.00130903 0.111358 0.277329
214.418 82.2869 3.67998 53 471
0.199638 0.0294735 0.00131809 0.111358 0.277329
221.196 84.617 3.78419 54 485
0.19882 0.0295428 0.00132119 0.111358 0.277329
228.052 86.9493 3.88849 55 499
0.198039 0.0295638 0.00132213 0.111358 0.277329
235.002 89.3019 3.9937 56 513
0.197033 0.0298133 0.00133329 0.111358 0.277329
242.054 91.6809 4.10009 57 527
0.195852 0.0300546 0.00134408 0.111358 0.277329
249.214 94.0823 4.20749 58 542
0.194761 0.0300058 0.0013419 0.106438 0.277329
256.496 96.4969 4.31547 59 557
0.193875 0.03022 0.00135148 0.097963 0.277329
263.872 98.9301 4.42429 60 572
0.192892 0.0301331 0.00134759 0.097963 0.277329
271.356 101.379 4.53382 61 587
0.191748 0.0304913 0.00136361 0.097963 0.271074
278.952 103.855 4.64452 62 602
0.191156 0.0309576 0.00138446 0.0926439 0.271074
286.636 106.365 4.7568 63 617
0.190114 0.0311429 0.00139275 0.0926439 0.271074
294.414 108.878 4.86918 64 632
0.188945 0.0311576 0.00139341 0.0901114 0.271074
302.296 111.393 4.98166 65 647
0.188039 0.0313817 0.00140343 0.0901114 0.271074
310.282 113.94 5.09554 66 663
0.187279 0.0316403 0.001415 0.0901114 0.271074
318.352 116.498 5.20996 67 679
0.186206 0.0314385 0.00140597 0.0901114 0.271074
326.524 119.058 5.32441 68 695
0.185407 0.0316471 0.0014153 0.0901114 0.278244
334.806 121.642 5.43998 69 711
0.184498 0.0318039 0.00142231 0.0901114 0.278244
343.19 124.232 5.55582 70 727
0.183624 0.0321422 0.00143744 0.0901114 0.278244
351.674 126.821 5.67161 71 743
0.182789 0.0321175 0.00143634 0.0858558 0.278244
360.264 129.419 5.7878 72 759
0.181683 0.0322678 0.00144306 0.0858558 0.263396
368.974 132.02 5.90411 73 775
0.180975 0.0321546 0.001438 0.0858558 0.260853
377.766 134.624 6.02056 74 791
0.180214 0.031881 0.00142576 0.0858558 0.260853
386.636 137.234 6.13729 75 807
0.179288 0.0319913 0.0014307 0.0858558 0.260853
395.616 139.845 6.25407 76 823
0.178282 0.0321937 0.00143975 0.0858558 0.260853
404.704 142.458 6.37092 77 839
0.177413 0.0322305 0.00144139 0.0858558 0.260853
413.898 145.086 6.48846 78 855
0.176663 0.0320146 0.00143174 0.0858558 0.260853
423.184 147.713 6.60593 79 871
0.175769 0.0321024 0.00143566 0.0858558 0.260853
432.584 150.336 6.72321 80 887
0.176007 0.0319645 0.00142949 0.0858558 0.260853
442.006 152.988 6.84184 81 903
0.176086 0.0319116 0.00142713 0.0858558 0.260853
451.436 155.664 6.9615 82 919
0.176162 0.0318274 0.00142337 0.0858558 0.260853
460.87 158.362 7.08216 83 935
0.176191 0.0318391 0.00142389 0.0858558 0.260853
470.306 161.079 7.20367 84 952
0.176191 0.0318391 0.00142389 0.0858558 0.260853
479.742 163.814 7.32597 85 970
0.176225 0.0318591 0.00142478 0.0858558 0.260853
489.18 166.567 7.4491 86 988
0.176248 0.0318543 0.00142457 0.0858558 0.260853
498.62 169.336 7.57293 87 1006
0.176346 0.0318853 0.00142595 0.0858558 0.260853
508.064 172.118 7.69736 88 1024
0.176567 0.0320296 0.00143241 0.0858558 0.260853
517.52 174.912 7.8223 89 1042
0.176567 0.0320296 0.00143241 0.0858558 0.260853
526.976 177.72 7.94786 90 1060
0.176666 0.0320777 0.00143456 0.0858558 0.260853
536.438 180.537 8.07385 91 1078
0.176666 0.0320777 0.00143456 0.0858558 0.260853
545.9 183.367 8.20041 92 1096
0.176678 0.0320885 0.00143504 0.0858558 0.260853
555.364 186.208 8.32748 93 1114
0.176755 0.0320678 0.00143412 0.0858558 0.260853
564.832 189.061 8.45506 94 1132
0.176755 0.0320678 0.00143412 0.0858558 0.260853
574.3 191.925 8.58315 95 1150
0.176755 0.0320678 0.00143412 0.0858558 0.260853
583.768 194.8 8.71171 96 1168
0.176896 0.0321124 0.00143611 0.0858558 0.260853
593.242 197.687 8.84081 97 1186
0.17698 0.0321118 0.00143608 0.0858558 0.260853
602.72 200.586 8.97046 98 1204
0.177005 0.0321098 0.00143599 0.0858558 0.260853
612.2 203.497 9.10066 99 1222
0.177104 0.032169 0.00143864 0.0858558 0.260853
621.686 206.426 9.23164 100 1240
0.177104 0.032169 0.00143864 0.0858558 0.260853
631.172 209.363 9.36302 101 1258
0.177104 0.032169 0.00143864 0.0858558 0.260853
640.658 212.309 9.49477 102 1276
0.177104 0.032169 0.00143864 0.0858558 0.260853
650.144 215.263 9.62687 103 1294
0.177104 0.032169 0.00143864 0.0858558 0.260853
659.63 218.225 9.75932 104 1312
0.177104 0.032169 0.00143864 0.0858558 0.260853
669.116 221.194 9.8921 105 1330
0.177179 0.0322169 0.00144079 0.0858558 0.260853
678.606 224.169 10.0251 106 1348
0.177164 0.0321802 0.00143914 0.0858558 0.260853
688.098 227.146 10.1583 107 1366
0.177164 0.0321802 0.00143914 0.0858558 0.260853
697.59 230.13 10.2917 108 1384
0.177135 0.0321565 0.00143808 0.0858558 0.260853
707.084 233.12 10.4254 109 1402
0.17706 0.0321287 0.00143684 0.0858558 0.260853
716.584 236.112 10.5593 110 1420
0.17701 0.0321869 0.00143944 0.0858558 0.260853
726.088 239.112 10.6934 111 1438
0.176951 0.0322559 0.00144253 0.0858558 0.260853
735.596 242.119 10.8279 112 1456
0.17689 0.0322234 0.00144107 0.0858558 0.260853
745.108 245.129 10.9625 113 1474
0.176901 0.0322295 0.00144135 0.0858558 0.260853
754.624 248.144 11.0973 114 1492
0.176841 0.0322146 0.00144068 0.0858558 0.260853
764.144 251.162 11.2323 115 1510
0.176785 0.0322058 0.00144029 0.0858558 0.260853
773.668 254.182 11.3674 116 1528
0.176785 0.0322058 0.00144029 0.0858558 0.260853
783.192 257.208 11.5027 117 1546
0.176694 0.0321486 0.00143773 0.0858558 0.260853
792.722 260.233 11.638 118 1564
0.176663 0.0321201 0.00143645 0.0858558 0.260853
802.254 263.26 11.7733 119 1582
0.17666 0.0321485 0.00143772 0.0858558 0.260853
811.79 266.291 11.9089 120 1600
0.176615 0.0320525 0.00143343 0.0858558 0.260853
821.328 269.324 12.0446 121 1618
0.176544 0.0320722 0.00143431 0.0858558 0.260853
830.874 272.359 12.1803 122 1636
0.176507 0.0320364 0.00143271 0.0858558 0.260853
840.422 275.398 12.3162 123 1654
0.176459 0.0320273 0.0014323 0.0858558 0.260853
849.974 278.438 12.4521 124 1672
0.176396 0.0320816 0.00143473 0.0858558 0.260853
859.53 281.48 12.5882 125 1690
0.176359 0.0320984 0.00143548 0.0858558 0.260853
869.09 284.526 12.7244 126 1708
0.176316 0.0321311 0.00143695 0.0858558 0.260853
878.652 287.576 12.8608 127 1726
0.176278 0.032076 0.00143448 0.0858558 0.260853
888.218 290.628 12.9973 128 1744
0.176278 0.032076 0.00143448 0.0858558 0.260853
897.784 293.684 13.134 129 1762
0.176278 0.032076 0.00143448 0.0858558 0.260853
907.35 296.744 13.2708 130 1780
0.176264 0.0320676 0.00143411 0.0858558 0.260853
916.918 299.804 13.4077 131 1798
0.176175 0.0322001 0.00144003 0.0858558 0.260853
926.496 302.863 13.5444 132 1816
0.176175 0.0322001 0.00144003 0.0858558 0.260853
936.074 305.925 13.6814 133 1834
0.176146 0.0321864 0.00143942 0.0858558 0.260853
945.654 308.989 13.8184 134 1852
0.176114 0.0321321 0.00143699 0.0858558 0.260853
955.236 312.057 13.9556 135 1870
0.176098 0.0321103 0.00143602 0.0858558 0.260853
964.82 315.128 14.093 136 1888
0.176098 0.0321103 0.00143602 0.0858558 0.260853
974.404 318.203 14.2305 137 1906
0.176085 0.0321284 0.00143683 0.0858558 0.260853
983.99 321.279 14.368 138 1924
0.17612 0.0321043 0.00143575 0.0858558 0.260853
993.58 324.36 14.5058 139 1942
0.17612 0.0321043 0.00143575 0.0858558 0.260853
1003.17 327.443 14.6437 140 1960
0.176059 0.0320505 0.00143334 0.0858558 0.260853
1012.76 330.528 14.7817 141 1978
0.176059 0.0320505 0.00143334 0.0858558 0.260853
1022.36 333.616 14.9198 142 1996
0.176059 0.0320505 0.00143334 0.0858558 0.260853
1031.95 336.707 15.058 143 2014
0.176108 0.0321227 0.00143657 0.0858558 0.260853
1041.55 339.801 15.1964 144 2032
0.176108 0.0321227 0.00143657 0.0858558 0.260853
1051.14 342.898 15.3349 145 2050
0.176084 0.032156 0.00143806 0.0858558 0.260853
1060.74 345.998 15.4735 146 2068
0.176047 0.0321495 0.00143777 0.0858558 0.260853
1070.34 349.099 15.6122 147 2086
0.176047 0.0321495 0.00143777 0.0858558 0.260853
1079.94 352.201 15.7509 148 2104
0.176047 0.0321495 0.00143777 0.0858558 0.260853
1089.54 355.307 15.8898 149 2122
0.176047 0.0321495 0.00143777 0.0858558 0.260853
1099.14 358.415 16.0288 150 2140
0.17599 0.032061 0.00143381 0.0858558 0.260853
1108.75 361.518 16.1676 151 2158
0.17599 0.032061 0.00143381 0.0858558 0.260853
1118.35 364.625 16.3065 152 2176
0.175967 0.032026 0.00143225 0.0858558 0.260853
1127.96 367.73 16.4454 153 2194
0.175983 0.0320494 0.00143329 0.0858558 0.260853
1137.56 370.834 16.5842 154 2212
0.175969 0.0320288 0.00143237 0.0858558 0.260853
1147.17 373.937 16.723 155 2230
0.175969 0.0320288 0.00143237 0.0858558 0.260853
1156.78 377.042 16.8618 156 2248
0.175969 0.0320288 0.00143237 0.0858558 0.260853
1166.39 380.149 17.0008 157 2266
0.175969 0.0320288 0.00143237 0.0858558 0.260853
1176 383.259 17.1399 158 2284
0.175969 0.0320288 0.00143237 0.0858558 0.260853
1185.61 386.371 17.279 159 2302
0.175947 0.0320392 0.00143284 0.0858558 0.260853
1195.23 389.485 17.4183 160 2320
0.17593 0.0320159 0.00143179 0.0858558 0.260853
1204.84 392.598 17.5575 161 2338
0.17593 0.0320159 0.00143179 0.0858558 0.260853
1214.45 395.712 17.6968 162 2356
0.17593 0.0320159 0.00143179 0.0858558 0.260853
1224.07 398.829 17.8362 163 2374
0.17593 0.0320159 0.00143179 0.0858558 0.260853
1233.68 401.948 17.9756 164 2392
0.175895 0.0319571 0.00142916 0.0858558 0.260853
1243.3 405.064 18.115 165 2410
0.175895 0.0319571 0.00142916 0.0858558 0.260853
1252.91 408.183 18.2545 166 2428
0.175895 0.0319571 0.00142916 0.0858558 0.260853
1262.53 411.304 18.3941 167 2446
0.175895 0.0319571 0.00142916 0.0858558 0.260853
1272.15 414.426 18.5337 168 2464
0.175895 0.0319571 0.00142916 0.0858558 0.260853
1281.76 417.55 18.6734 169 2482
0.175895 0.0319571 0.00142916 0.0858558 0.260853
1291.38 420.675 18.8132 170 2500
0.175895 0.0319571 0.00142916 0.0858558 0.260853
1300.99 423.802 18.953 171 2518
0.175895 0.0319571 0.00142916 0.0858558 0.260853
1310.61 426.931 19.0929 172 2536
0.175895 0.0319571 0.00142916 0.0858558 0.260853
1320.23 430.061 19.2329 173 2554
0.175895 0.0319571 0.00142916 0.0858558 0.260853
1329.84 433.193 19.373 174 2572
0.175895 0.0319571 0.00142916 0.0858558 0.260853
1339.46 436.327 19.5131 175 2590
0.175895 0.0319571 0.00142916 0.0858558 0.260853
1349.07 439.461 19.6533 176 2608
0.175895 0.0319571 0.00142916 0.0858558 0.260853
1358.69 442.597 19.7936 177 2626
0.175895 0.0319571 0.00142916 0.0858558 0.260853
1368.31 445.735 19.9339 178 2644
0.175895 0.0319571 0.00142916 0.0858558 0.260853
1377.92 448.874 20.0743 179 2662
0.175895 0.0319571 0.00142916 0.0858558 0.260853
1387.54 452.014 20.2147 180 2680
0.175895 0.0319571 0.00142916 0.0858558 0.260853
1397.15 455.156 20.3552 181 2698
0.175895 0.0319571 0.00142916 0.0858558 0.260853
1406.77 458.299 20.4957 182 2716
0.175895 0.0319571 0.00142916 0.0858558 0.260853
1416.39 461.443 20.6364 183 2734
0.175895 0.0319571 0.00142916 0.0858558 0.260853
1425.89 464.311 20.7646 184 2734
0.175895 0.0319571 0.00142916 0.0858558 0.260853
1435.2 466.714 20.8721 185 2734
0.175895 0.0319571 0.00142916 0.0858558 0.260853
1444.37 468.845 20.9674 186 2734
0.175895 0.0319571 0.00142916 0.0858558 0.260853
1453.04 470.143 21.0254 187 2734
0.175895 0.0319571 0.00142916 0.0858558 0.260853
1460.95 470.439 21.0387 188 2734
0.175895 0.0319571 0.00142916 0.0858558 0.260853
1468.05 469.888 21.014 189 2734
0.175895 0.0319571 0.00142916 0.0858558 0.260853
1473.96 468.419 20.9483 190 2734
0.175895 0.0319571 0.00142916 0.0858558 0.260853
1478.73 466.413 20.8586 191 2734
0.175895 0.0319571 0.00142916 0.0858558 0.260853
1482.31 464.216 20.7604 192 2734
0.175895 0.0319571 0.00142916 0.0858558 0.260853
1484.84 462.161 20.6685 193 2734
0.175895 0.0319571 0.00142916 0.0858558 0.260853
1486.35 460.499 20.5941 194 2734
0.175895 0.0319571 0.00142916 0.0858558 0.260853
1487.21 459.315 20.5412 195 2734
0.175895 0.0319571 0.00142916 0.0858558 0.260853
1487.67 458.56 20.5074 196 2734
0.175895 0.0319571 0.00142916 0.0858558 0.260853
1487.93 458.092 20.4865 197 2734
0.175895 0.0319571 0.00142916 0.0858558 0.260853
1488 457.925 20.479 198 2734
0.175895 0.0319571 0.00142916 0.0858558 0.260853
1488.03 457.871 20.4766 199 2734
0.175895 0.0319571 0.00142916 0.0858558 0.260853
1488.03 457.865 20.4764 200 2734
8.616 3.2338 0.14462 0 17
0.225246 0.0730479 0.0032668 0 0.292318
201 0 0 201 201
0.216152 0.0705623 0.00315564 0 0.30106
291.6 29.2121 1.3064 201 301
0.207853 0.0683465 0.00305655 0 0.286729
374.8 61.8159 2.76449 201 401
0.200479 0.0664847 0.00297329 0 0.286729
451.2 98.1796 4.39073 201 501
0.194247 0.0653916 0.0029244 0 0.286729
518 136.118 6.08737 201 601
0.188891 0.0645879 0.00288846 0 0.286729
575.8 174.889 7.82127 201 701
0.185253 0.0644944 0.00288428 0 0.286729
624.2 212.679 9.51128 201 801
0.182671 0.064738 0.00289517 0 0.286729
662.8 247.555 11.071 201 901
0.181057 0.0648465 0.00290003 0 0.286729
689.8 275.947 12.3407 201 1001
0.180039 0.0649876 0.00290633 0 0.286729
707.2 297.386 13.2995 201 1101
0.179523 0.0652158 0.00291654 0 0.286729
719 314.314 14.0566 201 1201
0.17923 0.0653575 0.00292288 0 0.286729
726.2 326.217 14.5889 201 1301
0.17909 0.0654158 0.00292549 0 0.286729
730.4 334.154 14.9438 201 1401
0.179113 0.0653989 0.00292473 0 0.286729
733 339.716 15.1926 201 1501
0.179139 0.0654299 0.00292612 0 0.286729
734.2 342.597 15.3214 201 1601
0.179061 0.0654413 0.00292662 0 0.286729
735.4 345.797 15.4645 201 1701
0.179086 0.0654347 0.00292633 0 0.286729
736 347.558 15.5433 201 1801
0.179086 0.0654347 0.00292633 0 0.286729
736.2 348.2 15.572 201 1901
0.179086 0.0654347 0.00292633 0 0.286729
736.2 348.2 15.572 201 1901
0.179086 0.0654347 0.00292633 0 0.286729
736.2 348.2 15.572 201 1901
0.179086 0.0654347 0.00292633 0 0.286729
736.2 348.2 15.572 201 1901
0.179086 0.0654347 0.00292633 0 0.286729
736.2 348.2 15.572 201 1901
0.179086 0.0654347 0.00292633 0 0.286729
736.2 348.2 15.572 201 1901
0.179086 0.0654347 0.00292633 0 0.286729
736.2 348.2 15.572 201 1901
0.179086 0.0654347 0.00292633 0 0.286729
736.2 348.2 15.572 201 1901
5.352 3.482 0.15572 0 17
