323 29
location[Albany]
0 0 0 0 0 0 0 0 0 0 0 0 0 0 0 0 0 0 0 0 0 0 0 0 0 0 0 0 0 0 0 0 0 0 0 0 0 0 0 0 0 0 0 0 0 0 0 0 0 0 0 0 0 0 0 0 0 0 0 0 0 0 0 0 0 0 0 0 0 0 0 0 0 0 0 0 0 0 0 0 0 0 0 0 0 0 0 0 0 0 0 0 0 0 0 0 0 0 0 0 0 0 0 0 0 0 0 0 0 0 0 0 0 0 0 0 0 0 0 0 0 0 0 0 0 0 0 0 0 0 0 0 1 1 1 1 1 1 1 1 1 1 1 1 1 1 1 1 1 1 1 1 0 0 0 0 0 0 0 0 0 0 0 0 0 0 0 0 0 0 0 0 0 0 0 0 0 0 0 0 0 0 0 0 0 0 0 0 0 0 0 0 0 0 0 0 0 0 0 0 0 0 0 0 0 0 0 0 0 0 0 0 0 0 0 0 0 0 0 0 0 0 0 0 0 0 0 0 0 0 0 0 0 0 0 0 0 0 0 0 0 0 0 0 0 0 0 0 0 0 0 0 0 0 0 0 0 0 0 0 0 0 0 0 0 0 0 0 0 0 0 0 0 0 0 0 0 0 0 0 0 0 0 0 0 0 0 0 0 0 0 0 0 0 0 0 0 0 0 0 0 0 0 0 0 0 0 0 0 0 0 0 0 0 0 0 0 0 0 0 0 0 0 
location[Allentown]
0 0 0 1 1 1 1 1 1 1 1 1 1 1 1 1 1 1 0 0 0 0 0 0 0 0 0 0 0 0 0 0 0 0 0 0 0 0 0 0 0 0 0 0 0 0 0 0 0 0 0 0 0 0 0 0 0 0 0 0 0 0 0 0 0 0 0 0 0 0 0 0 0 0 0 0 0 0 0 0 0 0 0 0 0 0 0 0 0 0 0 0 0 0 0 0 0 0 0 0 0 0 0 0 0 0 0 0 0 0 0 0 0 0 0 0 0 0 0 0 0 0 0 0 0 0 0 0 0 0 0 0 0 0 0 0 0 0 0 0 0 0 0 0 0 0 0 0 0 0 0 0 0 0 0 0 0 0 0 0 0 0 0 0 0 0 0 0 0 0 0 0 0 0 0 0 0 0 0 0 0 0 0 0 0 0 0 0 0 0 0 0 0 0 0 0 0 0 0 0 0 0 0 0 0 0 0 0 0 0 0 0 0 0 0 0 0 0 0 0 0 0 0 0 0 0 0 0 0 0 0 0 0 0 0 0 0 0 0 0 0 0 0 0 0 0 0 0 0 0 0 0 0 0 0 0 0 0 0 0 0 0 0 0 0 0 0 0 0 0 0 0 0 0 0 0 0 0 0 0 0 0 0 0 0 0 0 0 0 0 0 0 0 0 0 0 0 0 0 0 0 0 0 0 0 0 0 0 0 0 0 0 0 0 0 0 0 0 0 0 0 0 0 
location[Dallas]
0 0 0 0 0 0 0 0 0 0 0 0 0 0 0 0 0 0 0 0 0 0 0 0 0 0 0 0 0 0 0 0 0 0 0 0 0 1 1 1 1 1 1 1 1 1 1 1 1 1 1 1 1 1 1 1 0 0 0 0 0 0 0 0 0 0 0 0 0 0 0 0 0 0 0 0 0 0 0 0 0 0 0 0 0 0 0 0 0 0 0 0 0 0 0 0 0 0 0 0 0 0 0 0 0 0 0 0 0 0 0 0 0 0 0 0 0 0 0 0 0 0 0 0 0 0 0 0 0 0 0 0 0 0 0 0 0 0 0 0 0 0 0 0 0 0 0 0 0 0 0 0 0 0 0 0 0 0 0 0 0 0 0 0 0 0 0 0 0 0 0 0 0 0 0 0 0 0 0 0 0 0 0 0 0 0 0 0 0 0 0 0 0 0 0 0 0 0 0 0 0 0 0 0 0 0 0 0 0 0 0 0 0 0 0 0 0 0 0 0 0 0 0 0 0 0 0 0 0 0 0 0 0 0 0 0 0 0 0 0 0 0 0 0 0 0 0 0 0 0 0 0 0 0 0 0 0 0 0 0 0 0 0 0 0 0 0 0 0 0 0 0 0 0 0 0 0 0 0 0 0 0 0 0 0 0 0 0 0 0 0 0 0 0 0 0 0 0 0 0 0 0 0 0 0 0 0 0 0 0 0 0 0 0 0 0 0 0 0 0 0 0 0 
location[Gary]
0 0 0 0 0 0 0 0 0 0 0 0 0 0 0 0 0 0 0 0 0 0 0 0 0 0 0 0 0 0 0 0 0 0 0 0 0 0 0 0 0 0 0 0 0 0 0 0 0 0 0 0 0 0 0 0 0 0 0 0 0 0 0 0 0 0 0 0 0 0 0 0 0 0 0 0 1 1 1 1 1 1 1 1 1 1 1 1 1 1 1 1 1 1 0 0 0 0 0 0 0 0 0 0 0 0 0 0 0 0 0 0 0 0 0 0 0 0 0 0 0 0 0 0 0 0 0 0 0 0 0 0 0 0 0 0 0 0 0 0 0 0 0 0 0 0 0 0 0 0 0 0 0 0 0 0 0 0 0 0 0 0 0 0 0 0 0 0 0 0 0 0 0 0 0 0 0 0 0 0 0 0 0 0 0 0 0 0 0 0 0 0 0 0 0 0 0 0 0 0 0 0 0 0 0 0 0 0 0 0 0 0 0 0 0 0 0 0 0 0 0 0 0 0 0 0 0 0 0 0 0 0 0 0 0 0 0 0 0 0 0 0 0 0 0 0 0 0 0 0 0 0 0 0 0 0 0 0 0 0 0 0 0 0 0 0 0 0 0 0 0 0 0 0 0 0 0 0 0 0 0 0 0 0 0 0 0 0 0 0 0 0 0 0 0 0 0 0 0 0 0 0 0 0 0 0 0 0 0 0 0 0 0 0 0 0 0 0 0 0 0 0 0 
location[Gastonia]
0 0 0 0 0 0 0 0 0 0 0 0 0 0 0 0 0 0 0 0 0 0 0 0 0 0 0 0 0 0 0 0 0 0 0 0 0 0 0 0 0 0 0 0 0 0 0 0 0 0 0 0 0 0 0 0 0 0 0 0 0 0 0 0 0 0 0 0 0 0 0 0 0 0 0 0 0 0 0 0 0 0 0 0 0 0 0 0 0 0 0 0 0 0 0 0 0 0 0 0 0 0 0 0 0 0 0 0 0 0 0 0 0 0 0 0 0 0 0 0 0 0 0 0 0 0 0 0 0 0 0 0 0 0 0 0 0 0 0 0 0 0 0 0 0 0 0 0 0 0 0 0 1 1 1 1 1 1 1 1 1 1 1 1 1 1 1 1 1 1 1 0 0 0 0 0 0 0 0 0 0 0 0 0 0 0 0 0 0 0 0 0 0 0 0 0 0 0 0 0 0 0 0 0 0 0 0 0 0 0 0 0 0 0 0 0 0 0 0 0 0 0 0 0 0 0 0 0 0 0 0 0 0 0 0 0 0 0 0 0 0 0 0 0 0 0 0 0 0 0 0 0 0 0 0 0 0 0 0 0 0 0 0 0 0 0 0 0 0 0 0 0 0 0 0 0 0 0 0 0 0 0 0 0 0 0 0 0 0 0 0 0 0 0 0 0 0 0 0 0 0 0 0 0 0 0 0 0 0 0 0 0 0 0 0 0 0 0 0 0 0 0 0 
location[High Point]
0 0 0 0 0 0 0 0 0 0 0 0 0 0 0 0 0 0 0 0 0 0 0 0 0 0 0 0 0 0 0 0 0 0 0 0 0 0 0 0 0 0 0 0 0 0 0 0 0 0 0 0 0 0 0 0 0 0 0 0 0 0 0 0 0 0 0 0 0 0 0 0 0 0 0 0 0 0 0 0 0 0 0 0 0 0 0 0 0 0 0 0 0 0 0 0 0 0 0 0 0 0 0 0 0 0 0 0 0 0 0 0 0 1 1 1 1 1 1 1 1 1 1 1 1 1 1 1 1 1 1 1 0 0 0 0 0 0 0 0 0 0 0 0 0 0 0 0 0 0 0 0 0 0 0 0 0 0 0 0 0 0 0 0 0 0 0 0 0 0 0 0 0 0 0 0 0 0 0 0 0 0 0 0 0 0 0 0 0 0 0 0 0 0 0 0 0 0 0 0 0 0 0 0 0 0 0 0 0 0 0 0 0 0 0 0 0 0 0 0 0 0 0 0 0 0 0 0 0 0 0 0 0 0 0 0 0 0 0 0 0 0 0 0 0 0 0 0 0 0 0 0 0 0 0 0 0 0 0 0 0 0 0 0 0 0 0 0 0 0 0 0 0 0 0 0 0 0 0 0 0 0 0 0 0 0 0 0 0 0 0 0 0 0 0 0 0 0 0 0 0 0 0 0 0 0 0 0 0 0 0 0 0 0 0 0 0 0 0 0 0 0 0 
location[Lancaster]
0 0 0 0 0 0 0 0 0 0 0 0 0 0 0 0 0 0 0 0 0 0 0 0 0 0 0 0 0 0 0 0 0 0 0 0 0 0 0 0 0 0 0 0 0 0 0 0 0 0 0 0 0 0 0 0 0 0 0 0 0 0 0 0 0 0 0 0 0 0 0 0 0 0 0 0 0 0 0 0 0 0 0 0 0 0 0 0 0 0 0 0 0 0 0 0 0 0 0 0 0 0 0 0 0 0 0 0 0 0 0 0 0 0 0 0 0 0 0 0 0 0 0 0 0 0 0 0 0 0 0 0 0 0 0 0 0 0 0 0 0 0 0 0 0 0 0 0 0 0 0 0 0 0 0 0 0 0 0 0 0 0 0 0 0 0 0 0 0 0 0 0 0 0 0 0 0 0 0 0 0 0 0 0 0 0 0 0 0 0 0 0 0 0 0 0 0 0 0 0 0 0 0 0 0 0 0 0 0 0 0 0 0 0 0 0 0 0 0 0 0 0 0 0 0 0 0 0 0 0 0 0 0 0 0 0 0 0 0 0 0 0 0 0 0 0 0 0 0 0 0 0 0 0 0 0 0 0 0 0 0 0 0 0 0 0 0 0 0 0 0 0 0 0 0 0 0 0 0 0 0 0 0 0 0 0 0 0 0 0 0 0 0 0 0 0 0 0 0 0 0 0 0 0 0 1 1 1 1 1 1 1 1 1 1 1 1 1 1 1 1 1 1 
location[Las Vegas]
0 0 0 0 0 0 0 0 0 0 0 0 0 0 0 0 0 0 0 0 0 0 0 0 0 0 0 0 0 0 0 0 0 0 0 0 0 0 0 0 0 0 0 0 0 0 0 0 0 0 0 0 0 0 0 0 0 0 0 0 0 0 0 0 0 0 0 0 0 0 0 0 0 0 0 0 0 0 0 0 0 0 0 0 0 0 0 0 0 0 0 0 0 0 0 0 0 0 0 0 0 0 0 0 0 0 0 0 0 0 0 0 0 0 0 0 0 0 0 0 0 0 0 0 0 0 0 0 0 0 0 0 0 0 0 0 0 0 0 0 0 0 0 0 0 0 0 0 0 0 0 0 0 0 0 0 0 0 0 0 0 0 0 0 0 0 0 0 0 0 0 0 0 0 0 0 0 0 0 0 0 0 0 0 0 0 0 0 0 0 0 0 0 0 0 0 0 0 0 0 0 0 0 0 0 0 0 0 0 0 0 0 0 0 0 0 0 0 0 0 0 0 0 0 0 0 0 0 0 1 1 1 1 1 1 1 1 1 1 1 1 1 1 1 1 1 1 1 0 0 0 0 0 0 0 0 0 0 0 0 0 0 0 0 0 0 0 0 0 0 0 0 0 0 0 0 0 0 0 0 0 0 0 0 0 0 0 0 0 0 0 0 0 0 0 0 0 0 0 0 0 0 0 0 0 0 0 0 0 0 0 0 0 0 0 0 0 0 0 0 0 0 0 
location[North Charleston]
0 0 0 0 0 0 0 0 0 0 0 0 0 0 0 0 0 0 0 0 0 0 0 0 0 0 0 0 0 0 0 0 0 0 0 0 0 0 0 0 0 0 0 0 0 0 0 0 0 0 0 0 0 0 0 0 0 0 0 0 0 0 0 0 0 0 0 0 0 0 0 0 0 0 0 0 0 0 0 0 0 0 0 0 0 0 0 0 0 0 0 0 0 0 1 1 1 1 1 1 1 1 1 1 1 1 1 1 1 1 1 1 1 0 0 0 0 0 0 0 0 0 0 0 0 0 0 0 0 0 0 0 0 0 0 0 0 0 0 0 0 0 0 0 0 0 0 0 0 0 0 0 0 0 0 0 0 0 0 0 0 0 0 0 0 0 0 0 0 0 0 0 0 0 0 0 0 0 0 0 0 0 0 0 0 0 0 0 0 0 0 0 0 0 0 0 0 0 0 0 0 0 0 0 0 0 0 0 0 0 0 0 0 0 0 0 0 0 0 0 0 0 0 0 0 0 0 0 0 0 0 0 0 0 0 0 0 0 0 0 0 0 0 0 0 0 0 0 0 0 0 0 0 0 0 0 0 0 0 0 0 0 0 0 0 0 0 0 0 0 0 0 0 0 0 0 0 0 0 0 0 0 0 0 0 0 0 0 0 0 0 0 0 0 0 0 0 0 0 0 0 0 0 0 0 0 0 0 0 0 0 0 0 0 0 0 0 0 0 0 0 0 0 
location[San Bernardino]
0 0 0 0 0 0 0 0 0 0 0 0 0 0 0 0 0 0 0 0 0 0 0 0 0 0 0 0 0 0 0 0 0 0 0 0 0 0 0 0 0 0 0 0 0 0 0 0 0 0 0 0 0 0 0 0 0 0 0 0 0 0 0 0 0 0 0 0 0 0 0 0 0 0 0 0 0 0 0 0 0 0 0 0 0 0 0 0 0 0 0 0 0 0 0 0 0 0 0 0 0 0 0 0 0 0 0 0 0 0 0 0 0 0 0 0 0 0 0 0 0 0 0 0 0 0 0 0 0 0 0 0 0 0 0 0 0 0 0 0 0 0 0 0 0 0 0 0 0 0 0 0 0 0 0 0 0 0 0 0 0 0 0 0 0 0 0 0 0 0 0 0 0 0 0 0 0 0 0 0 0 0 0 0 0 0 0 0 0 1 1 1 1 1 1 1 1 1 1 1 1 1 1 1 1 1 1 1 1 0 0 0 0 0 0 0 0 0 0 0 0 0 0 0 0 0 0 0 0 0 0 0 0 0 0 0 0 0 0 0 0 0 0 0 0 0 0 0 0 0 0 0 0 0 0 0 0 0 0 0 0 0 0 0 0 0 0 0 0 0 0 0 0 0 0 0 0 0 0 0 0 0 0 0 0 0 0 0 0 0 0 0 0 0 0 0 0 0 0 0 0 0 0 0 0 0 0 0 0 0 0 0 0 0 0 0 0 0 0 0 0 0 0 
location[San Marcos]
0 0 0 0 0 0 0 0 0 0 0 0 0 0 0 0 0 0 1 1 1 1 1 1 1 1 1 1 1 1 1 1 1 1 1 1 1 0 0 0 0 0 0 0 0 0 0 0 0 0 0 0 0 0 0 0 0 0 0 0 0 0 0 0 0 0 0 0 0 0 0 0 0 0 0 0 0 0 0 0 0 0 0 0 0 0 0 0 0 0 0 0 0 0 0 0 0 0 0 0 0 0 0 0 0 0 0 0 0 0 0 0 0 0 0 0 0 0 0 0 0 0 0 0 0 0 0 0 0 0 0 0 0 0 0 0 0 0 0 0 0 0 0 0 0 0 0 0 0 0 0 0 0 0 0 0 0 0 0 0 0 0 0 0 0 0 0 0 0 0 0 0 0 0 0 0 0 0 0 0 0 0 0 0 0 0 0 0 0 0 0 0 0 0 0 0 0 0 0 0 0 0 0 0 0 0 0 0 0 0 0 0 0 0 0 0 0 0 0 0 0 0 0 0 0 0 0 0 0 0 0 0 0 0 0 0 0 0 0 0 0 0 0 0 0 0 0 0 0 0 0 0 0 0 0 0 0 0 0 0 0 0 0 0 0 0 0 0 0 0 0 0 0 0 0 0 0 0 0 0 0 0 0 0 0 0 0 0 0 0 0 0 0 0 0 0 0 0 0 0 0 0 0 0 0 0 0 0 0 0 0 0 0 0 0 0 0 0 0 0 0 0 0 
location[Somerset]
0 0 0 0 0 0 0 0 0 0 0 0 0 0 0 0 0 0 0 0 0 0 0 0 0 0 0 0 0 0 0 0 0 0 0 0 0 0 0 0 0 0 0 0 0 0 0 0 0 0 0 0 0 0 0 0 0 0 0 0 0 0 0 0 0 0 0 0 0 0 0 0 0 0 0 0 0 0 0 0 0 0 0 0 0 0 0 0 0 0 0 0 0 0 0 0 0 0 0 0 0 0 0 0 0 0 0 0 0 0 0 0 0 0 0 0 0 0 0 0 0 0 0 0 0 0 0 0 0 0 0 0 0 0 0 0 0 0 0 0 0 0 0 0 0 0 0 0 0 0 0 0 0 0 0 0 0 0 0 0 0 0 0 0 0 0 0 0 0 0 0 0 0 0 0 0 0 0 0 0 0 0 0 0 0 0 0 0 0 0 0 0 0 0 0 0 0 0 0 0 0 0 0 0 0 0 0 0 0 0 0 0 0 0 0 0 0 0 0 0 0 0 0 0 0 0 0 0 0 0 0 0 0 0 0 0 0 0 0 0 0 0 0 0 0 0 0 0 0 0 0 0 0 0 0 0 0 0 0 0 0 0 0 0 0 0 0 0 0 0 0 0 0 0 0 0 0 0 0 0 0 0 0 0 0 0 0 1 1 1 1 1 1 1 1 1 1 1 1 1 1 1 1 1 1 0 0 0 0 0 0 0 0 0 0 0 0 0 0 0 0 0 0 
location[St Paul]
0 0 0 0 0 0 0 0 0 0 0 0 0 0 0 0 0 0 0 0 0 0 0 0 0 0 0 0 0 0 0 0 0 0 0 0 0 0 0 0 0 0 0 0 0 0 0 0 0 0 0 0 0 0 0 0 0 0 0 0 0 0 0 0 0 0 0 0 0 0 0 0 0 0 0 0 0 0 0 0 0 0 0 0 0 0 0 0 0 0 0 0 0 0 0 0 0 0 0 0 0 0 0 0 0 0 0 0 0 0 0 0 0 0 0 0 0 0 0 0 0 0 0 0 0 0 0 0 0 0 0 0 0 0 0 0 0 0 0 0 0 0 0 0 0 0 0 0 0 0 0 0 0 0 0 0 0 0 0 0 0 0 0 0 0 0 0 0 0 0 0 0 0 0 0 0 0 0 0 0 0 0 0 0 0 0 0 0 0 0 0 0 0 0 0 0 0 0 0 0 0 0 0 0 0 0 0 0 0 0 0 0 0 0 0 0 0 0 0 0 0 0 0 0 0 0 0 0 0 0 0 0 0 0 0 0 0 0 0 0 0 0 0 0 0 0 0 0 0 0 0 0 0 0 0 0 0 0 0 0 0 0 0 0 0 0 0 0 1 1 1 1 1 1 1 1 1 1 1 1 1 1 1 1 1 1 1 0 0 0 0 0 0 0 0 0 0 0 0 0 0 0 0 0 0 0 0 0 0 0 0 0 0 0 0 0 0 0 0 0 0 0 0 
location[Suffolk]
0 0 0 0 0 0 0 0 0 0 0 0 0 0 0 0 0 0 0 0 0 0 0 0 0 0 0 0 0 0 0 0 0 0 0 0 0 0 0 0 0 0 0 0 0 0 0 0 0 0 0 0 0 0 0 0 0 0 0 0 0 0 0 0 0 0 0 0 0 0 0 0 0 0 0 0 0 0 0 0 0 0 0 0 0 0 0 0 0 0 0 0 0 0 0 0 0 0 0 0 0 0 0 0 0 0 0 0 0 0 0 0 0 0 0 0 0 0 0 0 0 0 0 0 0 0 0 0 0 0 0 0 0 0 0 0 0 0 0 0 0 0 0 0 0 0 0 0 0 0 0 0 0 0 0 0 0 0 0 0 0 0 0 0 0 0 0 0 0 0 0 0 0 0 0 0 0 0 0 0 0 0 0 0 0 0 0 0 0 0 0 0 0 0 0 0 0 0 0 0 0 0 0 0 0 0 0 0 0 0 0 0 0 0 0 0 0 0 0 0 0 0 0 0 0 0 0 0 0 0 0 0 0 0 0 0 0 0 0 0 0 0 0 0 0 0 0 0 1 1 1 1 1 1 1 1 1 1 1 1 1 1 1 1 1 1 1 1 0 0 0 0 0 0 0 0 0 0 0 0 0 0 0 0 0 0 0 0 0 0 0 0 0 0 0 0 0 0 0 0 0 0 0 0 0 0 0 0 0 0 0 0 0 0 0 0 0 0 0 0 0 0 0 
location[Warwick]
0 0 0 0 0 0 0 0 0 0 0 0 0 0 0 0 0 0 0 0 0 0 0 0 0 0 0 0 0 0 0 0 0 0 0 0 0 0 0 0 0 0 0 0 0 0 0 0 0 0 0 0 0 0 0 0 1 1 1 1 1 1 1 1 1 1 1 1 1 1 1 1 1 1 1 1 0 0 0 0 0 0 0 0 0 0 0 0 0 0 0 0 0 0 0 0 0 0 0 0 0 0 0 0 0 0 0 0 0 0 0 0 0 0 0 0 0 0 0 0 0 0 0 0 0 0 0 0 0 0 0 0 0 0 0 0 0 0 0 0 0 0 0 0 0 0 0 0 0 0 0 0 0 0 0 0 0 0 0 0 0 0 0 0 0 0 0 0 0 0 0 0 0 0 0 0 0 0 0 0 0 0 0 0 0 0 0 0 0 0 0 0 0 0 0 0 0 0 0 0 0 0 0 0 0 0 0 0 0 0 0 0 0 0 0 0 0 0 0 0 0 0 0 0 0 0 0 0 0 0 0 0 0 0 0 0 0 0 0 0 0 0 0 0 0 0 0 0 0 0 0 0 0 0 0 0 0 0 0 0 0 0 0 0 0 0 0 0 0 0 0 0 0 0 0 0 0 0 0 0 0 0 0 0 0 0 0 0 0 0 0 0 0 0 0 0 0 0 0 0 0 0 0 0 0 0 0 0 0 0 0 0 0 0 0 0 0 0 0 0 0 0 0 
location[Wilkes Barre]
0 0 0 0 0 0 0 0 0 0 0 0 0 0 0 0 0 0 0 0 0 0 0 0 0 0 0 0 0 0 0 0 0 0 0 0 0 0 0 0 0 0 0 0 0 0 0 0 0 0 0 0 0 0 0 0 0 0 0 0 0 0 0 0 0 0 0 0 0 0 0 0 0 0 0 0 0 0 0 0 0 0 0 0 0 0 0 0 0 0 0 0 0 0 0 0 0 0 0 0 0 0 0 0 0 0 0 0 0 0 0 0 0 0 0 0 0 0 0 0 0 0 0 0 0 0 0 0 0 0 0 0 0 0 0 0 0 0 0 0 0 0 0 0 0 0 0 0 0 0 0 0 0 0 0 0 0 0 0 0 0 0 0 0 0 0 0 0 0 0 0 1 1 1 1 1 1 1 1 1 1 1 1 1 1 1 1 1 1 0 0 0 0 0 0 0 0 0 0 0 0 0 0 0 0 0 0 0 0 0 0 0 0 0 0 0 0 0 0 0 0 0 0 0 0 0 0 0 0 0 0 0 0 0 0 0 0 0 0 0 0 0 0 0 0 0 0 0 0 0 0 0 0 0 0 0 0 0 0 0 0 0 0 0 0 0 0 0 0 0 0 0 0 0 0 0 0 0 0 0 0 0 0 0 0 0 0 0 0 0 0 0 0 0 0 0 0 0 0 0 0 0 0 0 0 0 0 0 0 0 0 0 0 0 0 0 0 0 0 0 0 0 0 
location[Worcester]
0 0 0 0 0 0 0 0 0 0 0 0 0 0 0 0 0 0 0 0 0 0 0 0 0 0 0 0 0 0 0 0 0 0 0 0 0 0 0 0 0 0 0 0 0 0 0 0 0 0 0 0 0 0 0 0 0 0 0 0 0 0 0 0 0 0 0 0 0 0 0 0 0 0 0 0 0 0 0 0 0 0 0 0 0 0 0 0 0 0 0 0 0 0 0 0 0 0 0 0 0 0 0 0 0 0 0 0 0 0 0 0 0 0 0 0 0 0 0 0 0 0 0 0 0 0 0 0 0 0 0 0 0 0 0 0 0 0 0 0 0 0 0 0 0 0 0 0 0 0 0 0 0 0 0 0 0 0 0 0 0 0 0 0 0 0 0 0 0 0 0 0 0 0 0 0 0 0 0 0 0 0 0 0 0 0 0 0 0 0 0 0 0 0 0 0 0 0 0 0 0 0 0 0 0 0 0 0 0 1 1 1 1 1 1 1 1 1 1 1 1 1 1 1 1 1 1 1 1 0 0 0 0 0 0 0 0 0 0 0 0 0 0 0 0 0 0 0 0 0 0 0 0 0 0 0 0 0 0 0 0 0 0 0 0 0 0 0 0 0 0 0 0 0 0 0 0 0 0 0 0 0 0 0 0 0 0 0 0 0 0 0 0 0 0 0 0 0 0 0 0 0 0 0 0 0 0 0 0 0 0 0 0 0 0 0 0 0 0 0 0 0 0 
location[missing]
1 1 1 0 0 0 0 0 0 0 0 0 0 0 0 0 0 0 0 0 0 0 0 0 0 0 0 0 0 0 0 0 0 0 0 0 0 0 0 0 0 0 0 0 0 0 0 0 0 0 0 0 0 0 0 0 0 0 0 0 0 0 0 0 0 0 0 0 0 0 0 0 0 0 0 0 0 0 0 0 0 0 0 0 0 0 0 0 0 0 0 0 0 0 0 0 0 0 0 0 0 0 0 0 0 0 0 0 0 0 0 0 0 0 0 0 0 0 0 0 0 0 0 0 0 0 0 0 0 0 0 0 0 0 0 0 0 0 0 0 0 0 0 0 0 0 0 0 0 0 0 0 0 0 0 0 0 0 0 0 0 0 0 0 0 0 0 0 0 0 0 0 0 0 0 0 0 0 0 0 0 0 0 0 0 0 0 0 0 0 0 0 0 0 0 0 0 0 0 0 0 0 0 0 0 0 0 0 0 0 0 0 0 0 0 0 0 0 0 0 0 0 0 0 0 0 0 0 0 0 0 0 0 0 0 0 0 0 0 0 0 0 0 0 0 0 0 0 0 0 0 0 0 0 0 0 0 0 0 0 0 0 0 0 0 0 0 0 0 0 0 0 0 0 0 0 0 0 0 0 0 0 0 0 0 0 0 0 0 0 0 0 0 0 0 0 0 0 0 0 0 0 0 0 0 0 0 0 0 0 0 0 0 0 0 0 0 0 0 0 0 0 0 
region[c]
0 0 0 0 0 0 0 0 0 0 0 0 0 0 0 0 0 0 0 0 0 0 0 0 0 0 0 0 0 0 0 0 0 0 0 0 0 1 1 1 1 1 1 1 1 1 1 1 1 1 1 1 1 1 1 1 0 0 0 0 0 0 0 0 0 0 0 0 0 0 0 0 0 0 0 0 1 1 1 1 1 1 1 1 1 1 1 1 1 1 1 1 1 1 0 0 0 0 0 0 0 0 0 0 0 0 0 0 0 0 0 0 0 0 0 0 0 0 0 0 0 0 0 0 0 0 0 0 0 0 0 0 0 0 0 0 0 0 0 0 0 0 0 0 0 0 0 0 0 0 0 0 0 0 0 0 0 0 0 0 0 0 0 0 0 0 0 0 0 0 0 0 0 0 0 0 0 0 0 0 0 0 0 0 0 0 0 0 0 0 0 0 0 0 0 0 0 0 0 0 0 0 0 0 0 0 0 0 0 0 0 0 0 0 0 0 0 0 0 0 0 0 0 0 0 0 0 0 0 0 0 0 0 0 0 0 0 0 0 0 0 0 0 0 0 0 0 0 0 0 0 0 0 0 0 0 0 0 0 0 0 0 0 0 0 0 0 0 1 1 1 1 1 1 1 1 1 1 1 1 1 1 1 1 1 1 1 0 0 0 0 0 0 0 0 0 0 0 0 0 0 0 0 0 0 0 0 0 0 0 0 0 0 0 0 0 0 0 0 0 0 0 0 
region[e]
1 1 1 1 1 1 1 1 1 1 1 1 1 1 1 1 1 1 0 0 0 0 0 0 0 0 0 0 0 0 0 0 0 0 0 0 0 0 0 0 0 0 0 0 0 0 0 0 0 0 0 0 0 0 0 0 0 0 0 0 0 0 0 0 0 0 0 0 0 0 0 0 0 0 0 0 0 0 0 0 0 0 0 0 0 0 0 0 0 0 0 0 0 0 1 1 1 1 1 1 1 1 1 1 1 1 1 1 1 1 1 1 1 1 1 1 1 1 1 1 1 1 1 1 1 1 1 1 1 1 1 1 1 1 1 1 1 1 1 1 1 1 1 1 1 1 1 1 1 1 1 1 1 1 1 1 1 1 1 1 1 1 1 1 1 1 1 1 1 1 1 1 1 1 1 1 1 1 1 1 1 1 1 1 1 1 1 1 1 0 0 0 0 0 0 0 0 0 0 0 0 0 0 0 0 0 0 0 0 1 1 1 1 1 1 1 1 1 1 1 1 1 1 1 1 1 1 1 1 0 0 0 0 0 0 0 0 0 0 0 0 0 0 0 0 0 0 0 1 1 1 1 1 1 1 1 1 1 1 1 1 1 1 1 1 1 1 1 0 0 0 0 0 0 0 0 0 0 0 0 0 0 0 0 0 0 0 1 1 1 1 1 1 1 1 1 1 1 1 1 1 1 1 1 1 1 1 1 1 1 1 1 1 1 1 1 1 1 1 1 1 1 1 
region[w]
0 0 0 0 0 0 0 0 0 0 0 0 0 0 0 0 0 0 1 1 1 1 1 1 1 1 1 1 1 1 1 1 1 1 1 1 1 0 0 0 0 0 0 0 0 0 0 0 0 0 0 0 0 0 0 0 1 1 1 1 1 1 1 1 1 1 1 1 1 1 1 1 1 1 1 1 0 0 0 0 0 0 0 0 0 0 0 0 0 0 0 0 0 0 0 0 0 0 0 0 0 0 0 0 0 0 0 0 0 0 0 0 0 0 0 0 0 0 0 0 0 0 0 0 0 0 0 0 0 0 0 0 0 0 0 0 0 0 0 0 0 0 0 0 0 0 0 0 0 0 0 0 0 0 0 0 0 0 0 0 0 0 0 0 0 0 0 0 0 0 0 0 0 0 0 0 0 0 0 0 0 0 0 0 0 0 0 0 0 1 1 1 1 1 1 1 1 1 1 1 1 1 1 1 1 1 1 1 1 0 0 0 0 0 0 0 0 0 0 0 0 0 0 0 0 0 0 0 0 1 1 1 1 1 1 1 1 1 1 1 1 1 1 1 1 1 1 1 0 0 0 0 0 0 0 0 0 0 0 0 0 0 0 0 0 0 0 0 0 0 0 0 0 0 0 0 0 0 0 0 0 0 0 0 0 0 0 0 0 0 0 0 0 0 0 0 0 0 0 0 0 0 0 0 0 0 0 0 0 0 0 0 0 0 0 0 0 0 0 0 0 0 0 
site[rural]
0 0 0 0 0 0 0 0 0 1 0 0 1 0 1 0 1 0 1 0 0 0 0 1 0 0 0 0 0 0 0 1 1 1 1 0 1 1 1 0 0 1 1 1 0 1 0 0 0 1 1 0 0 1 1 0 0 1 0 0 1 1 0 1 0 0 0 0 0 0 1 0 0 0 1 0 0 0 1 1 1 1 1 0 1 0 1 0 1 1 0 1 0 0 1 1 0 0 0 0 1 0 1 0 0 0 0 0 0 0 1 0 0 0 0 0 1 0 0 0 0 0 0 1 0 0 1 0 0 0 0 1 0 0 1 1 0 0 0 0 0 1 1 1 1 1 0 0 1 1 0 0 0 0 1 0 0 0 0 0 0 0 0 1 1 0 0 1 0 0 0 1 1 0 0 0 0 1 0 0 0 1 1 0 0 1 0 0 1 0 1 0 0 0 0 0 0 0 1 0 0 1 1 0 1 1 0 0 1 1 0 0 1 0 0 1 0 0 0 1 0 0 1 0 0 0 1 0 0 1 0 1 0 0 0 0 0 0 0 1 0 1 0 0 1 0 1 1 0 0 0 0 0 0 0 0 1 0 0 1 0 0 0 0 1 1 1 0 1 1 0 0 0 0 0 1 0 0 0 0 0 0 0 1 1 0 0 0 0 1 0 0 1 0 1 0 0 1 0 1 0 0 0 1 0 0 1 0 0 0 1 0 1 1 0 0 0 0 1 0 1 0 1 
site[urban]
1 1 1 1 1 1 1 1 1 0 1 1 0 1 0 1 0 1 0 1 1 1 1 0 1 1 1 1 1 1 1 0 0 0 0 1 0 0 0 1 1 0 0 0 1 0 1 1 1 0 0 1 1 0 0 1 1 0 1 1 0 0 1 0 1 1 1 1 1 1 0 1 1 1 0 1 1 1 0 0 0 0 0 1 0 1 0 1 0 0 1 0 1 1 0 0 1 1 1 1 0 1 0 1 1 1 1 1 1 1 0 1 1 1 1 1 0 1 1 1 1 1 1 0 1 1 0 1 1 1 1 0 1 1 0 0 1 1 1 1 1 0 0 0 0 0 1 1 0 0 1 1 1 1 0 1 1 1 1 1 1 1 1 0 0 1 1 0 1 1 1 0 0 1 1 1 1 0 1 1 1 0 0 1 1 0 1 1 0 1 0 1 1 1 1 1 1 1 0 1 1 0 0 1 0 0 1 1 0 0 1 1 0 1 1 0 1 1 1 0 1 1 0 1 1 1 0 1 1 0 1 0 1 1 1 1 1 1 1 0 1 0 1 1 0 1 0 0 1 1 1 1 1 1 1 1 0 1 1 0 1 1 1 1 0 0 0 1 0 0 1 1 1 1 1 0 1 1 1 1 1 1 1 0 0 1 1 1 1 0 1 1 0 1 0 1 1 0 1 0 1 1 1 0 1 1 0 1 1 1 0 1 0 0 1 1 1 1 0 1 0 1 0 
dtc
1.99941 0.56 0.56 0.56 0.56 0.56 0.56 0.56 0.56 0.56 0.56 0.56 0.56 0.56 0.56 0.56 0.56 0.56 4.13 4.13 4.13 4.13 4.13 4.13 4.13 4.13 4.13 4.13 4.13 4.13 4.13 4.13 4.13 4.13 4.13 4.13 4.13 2.35 2.35 2.35 2.35 2.35 2.35 2.35 2.35 2.35 2.35 2.35 2.35 2.35 2.35 2.35 2.35 2.35 2.35 2.35 0.58 0.58 0.58 0.58 0.58 0.58 0.58 0.58 0.58 0.58 0.58 0.58 0.58 0.58 0.58 0.58 0.58 0.58 0.58 0.58 2.13 2.13 2.13 2.13 2.13 2.13 2.13 2.13 2.13 2.13 2.13 2.13 2.13 2.13 2.13 2.13 2.13 2.13 0.65 0.65 0.65 0.65 0.65 0.65 0.65 0.65 0.65 0.65 0.65 0.65 0.65 0.65 0.65 0.65 0.65 0.65 0.65 0.94 0.94 0.94 0.94 0.94 0.94 0.94 0.94 0.94 0.94 0.94 0.94 0.94 0.94 0.94 0.94 0.94 0.94 0.94 0.61 0.61 0.61 0.61 0.61 0.61 0.61 0.61 0.61 0.61 0.61 0.61 0.61 0.61 0.61 0.61 0.61 0.61 0.61 0.61 0.65 0.65 0.65 0.65 0.65 0.65 0.65 0.65 0.65 0.65 0.65 0.65 0.65 0.65 0.65 0.65 0.65 0.65 0.65 4.91 4.91 4.91 4.91 4.91 4.91 4.91 4.91 4.91 4.91 4.91 4.91 4.91 4.91 4.91 4.91 4.91 4.91 0.62 0.62 0.62 0.62 0.62 0.62 0.62 0.62 0.62 0.62 0.62 0.62 0.62 0.62 0.62 0.62 0.62 0.62 0.62 0.62 0.07 0.07 0.07 0.07 0.07 0.07 0.07 0.07 0.07 0.07 0.07 0.07 0.07 0.07 0.07 0.07 0.07 0.07 0.07 0.07 0.65 0.65 0.65 0.65 0.65 0.65 0.65 0.65 0.65 0.65 0.65 0.65 0.65 0.65 0.65 0.65 0.65 0.65 0.65 1.93 1.93 1.93 1.93 1.93 1.93 1.93 1.93 1.93 1.93 1.93 1.93 1.93 1.93 1.93 1.93 1.93 1.93 1.93 1.93 6.56 6.56 6.56 6.56 6.56 6.56 6.56 6.56 6.56 6.56 6.56 6.56 6.56 6.56 6.56 6.56 6.56 6.56 6.56 2.2 2.2 2.2 2.2 2.2 2.2 2.2 2.2 2.2 2.2 2.2 2.2 2.2 2.2 2.2 2.2 2.2 2.2 4.95 4.95 4.95 4.95 4.95 4.95 4.95 4.95 4.95 4.95 4.95 4.95 4.95 4.95 4.95 4.95 4.95 4.95 
dtc[missing]
1 0 0 0 0 0 0 0 0 0 0 0 0 0 0 0 0 0 0 0 0 0 0 0 0 0 0 0 0 0 0 0 0 0 0 0 0 0 0 0 0 0 0 0 0 0 0 0 0 0 0 0 0 0 0 0 0 0 0 0 0 0 0 0 0 0 0 0 0 0 0 0 0 0 0 0 0 0 0 0 0 0 0 0 0 0 0 0 0 0 0 0 0 0 0 0 0 0 0 0 0 0 0 0 0 0 0 0 0 0 0 0 0 0 0 0 0 0 0 0 0 0 0 0 0 0 0 0 0 0 0 0 0 0 0 0 0 0 0 0 0 0 0 0 0 0 0 0 0 0 0 0 0 0 0 0 0 0 0 0 0 0 0 0 0 0 0 0 0 0 0 0 0 0 0 0 0 0 0 0 0 0 0 0 0 0 0 0 0 0 0 0 0 0 0 0 0 0 0 0 0 0 0 0 0 0 0 0 0 0 0 0 0 0 0 0 0 0 0 0 0 0 0 0 0 0 0 0 0 0 0 0 0 0 0 0 0 0 0 0 0 0 0 0 0 0 0 0 0 0 0 0 0 0 0 0 0 0 0 0 0 0 0 0 0 0 0 0 0 0 0 0 0 0 0 0 0 0 0 0 0 0 0 0 0 0 0 0 0 0 0 0 0 0 0 0 0 0 0 0 0 0 0 0 0 0 0 0 0 0 0 0 0 0 0 0 0 0 0 0 0 0 0 
age
36 56 34 52 57 42 35 48 38 55 44 48 53 40 68 48 64 43 49 31 37 38 35 43 36 32 29 34 37 39 26 48 47 42 50 45 47 61 40 38 34 37 46 48 26 43 36 42 28 48 47 53 29 48 56 41 35 47 39 32 45 49 44 40 47 35 29 38 41 46 45 34 40 31 51 36 41 43 52 49 43 52 41 34 56 54 42 47 58 45 45 40 31 29 50 46 43 50 53 48 57 49 59 46 48 52 52 47 39 55 57 49 43 40 41 41 51 34 46 45 51 47 41 49 47 40 52 52 35 38 41 47 49 41 59 50 41 38 43 48 43 61 62 58 58 61 37 49 53 59 59 58 50 47 60 39 44 53 40 58 47 38 47 51 45 50 60 46 43 35 42 66 61 41 36 47 41 58 43 56 53 60 53 43 56 54 42 35 50 30 49 37 28 33 33 41 37 29 41 34 32 43 38 39 40 57 27 29 47 54 47 47 65 50 35 56 48 49 52 66 52 46 60 44 48 52 61 44 49 40 43 41 25 34 32 39 43 37 42 44 41 40 31 45 50 33 50 52 40 34 57 42 44 61 37 54 50 60 46 64 47 35 46 54 57 55 55 37 49 54 39 30 50 43 33 50 37 39 41 37 33 40 36 50 60 35 37 45 51 57 41 38 53 48 65 48 57 49 55 66 47 51 54 61 58 44 65 43 34 42 57 50 53 58 52 39 53 47 60 46 65 63 64 
years.exper
13 36 5 23 32 17 12 25 14 32 23 22 29 18 34 25 34 20 23 5 9 16 15 16 11 8 3 10 11 14 0 23 26 15 26 21 23 34 14 12 8 4 17 26 0 20 12 11 5 21 24 31 4 15 32 19 6 22 9 11 20 27 14 17 26 11 0 14 15 23 23 4 17 2 27 10 17 22 25 28 18 25 16 8 31 32 19 21 32 19 20 13 6 2 19 25 17 24 32 18 29 26 39 21 24 28 27 21 12 30 32 27 16 15 16 16 25 5 20 20 30 19 13 27 22 20 32 23 10 14 15 22 25 19 35 25 18 13 15 24 23 39 34 33 33 39 13 26 30 37 29 33 23 25 33 15 17 32 16 37 25 13 23 28 16 23 39 17 22 13 15 43 37 20 5 20 16 31 20 35 33 32 29 18 33 29 18 12 29 5 21 7 7 7 7 21 13 5 19 5 8 22 15 15 16 28 4 5 20 31 18 22 43 23 9 31 23 26 28 36 27 22 34 22 21 24 32 21 23 12 21 19 0 8 6 18 18 11 15 18 11 19 7 17 23 8 29 26 5 14 29 20 22 34 10 27 28 38 26 33 21 11 12 27 33 25 31 12 23 26 18 6 29 18 8 15 11 16 15 11 10 7 9 25 39 11 11 22 19 33 16 10 24 18 34 18 22 25 26 40 15 28 32 39 32 16 43 18 13 10 34 26 25 37 26 16 27 20 36 25 42 37 38 
specialty[GP]
0 0 0 0 0 0 1 1 0 1 0 0 1 1 1 1 0 0 1 0 0 1 1 0 1 1 0 1 1 0 1 1 0 0 0 0 1 0 1 1 0 0 1 0 0 1 0 0 0 1 1 0 1 0 0 0 1 0 0 0 0 0 0 0 0 0 0 0 0 0 0 0 1 1 0 0 0 0 1 0 1 0 1 0 1 0 0 0 0 1 0 0 0 1 0 0 0 0 0 1 1 0 0 0 1 1 1 1 1 1 0 0 0 0 1 1 0 1 1 1 1 0 1 0 1 0 0 0 0 0 1 0 0 1 0 1 1 0 0 0 0 0 1 1 0 1 0 0 0 0 0 0 1 0 0 0 0 0 1 0 1 1 0 1 1 0 0 0 0 0 0 1 0 1 0 1 0 0 0 0 0 0 0 0 0 0 0 0 1 0 0 0 1 0 0 1 1 0 0 1 0 1 0 0 0 1 0 0 1 0 1 0 0 0 0 0 1 0 1 0 1 0 1 0 1 0 0 0 0 0 1 0 0 0 0 0 0 0 0 0 0 0 0 0 0 0 0 0 0 0 1 0 1 0 0 1 1 0 0 0 0 0 0 1 0 0 0 0 0 0 0 1 1 0 0 0 0 0 0 0 1 0 0 1 0 1 0 0 1 1 0 1 0 0 0 1 0 0 1 0 0 0 0 0 0 1 0 1 0 0 0 0 0 1 0 0 1 1 0 1 1 0 1 
specialty[PD]
0 0 1 1 1 1 0 0 0 0 1 1 0 0 0 0 0 1 0 1 0 0 0 1 0 0 1 0 0 1 0 0 1 0 1 0 0 0 0 0 1 1 0 0 0 0 1 1 1 0 0 1 0 1 0 1 0 1 0 1 0 0 1 1 0 1 0 1 0 1 0 1 0 0 0 0 1 0 0 1 0 0 0 0 0 1 0 1 0 0 1 0 0 0 1 0 0 1 0 0 0 1 1 1 0 0 0 0 0 0 1 0 1 0 0 0 1 0 0 0 0 0 0 0 0 1 0 1 0 1 0 1 1 0 0 0 0 1 1 1 0 1 0 0 0 0 0 1 0 1 0 0 0 0 0 1 0 1 0 1 0 0 0 0 0 1 0 0 0 1 1 0 0 0 1 0 0 0 0 1 0 0 0 1 0 1 0 1 0 1 0 1 0 1 1 0 0 1 0 0 0 0 0 0 1 0 1 0 0 1 0 0 0 0 0 1 0 1 0 1 0 0 0 0 0 1 0 0 1 1 0 0 0 1 0 0 1 1 0 1 0 1 0 1 1 0 1 0 1 0 0 1 0 0 1 0 0 0 0 0 0 0 1 0 0 1 0 1 1 0 1 0 0 1 1 0 1 0 1 0 0 0 1 0 1 0 1 0 0 0 0 0 1 1 1 0 0 0 0 0 0 0 0 0 0 0 1 0 1 0 1 1 1 0 1 1 0 0 1 0 0 0 0 
specialty[RH]
1 1 0 0 0 0 0 0 1 0 0 0 0 0 0 0 1 0 0 0 1 0 0 0 0 0 0 0 0 0 0 0 0 1 0 1 0 1 0 0 0 0 0 1 1 0 0 0 0 0 0 0 0 0 1 0 0 0 1 0 1 1 0 0 1 0 1 0 1 0 1 0 0 0 1 1 0 1 0 0 0 1 0 1 0 0 1 0 1 0 0 1 1 0 0 1 1 0 1 0 0 0 0 0 0 0 0 0 0 0 0 1 0 1 0 0 0 0 0 0 0 1 0 1 0 0 1 0 1 0 0 0 0 0 1 0 0 0 0 0 1 0 0 0 1 0 1 0 1 0 1 1 0 1 1 0 1 0 0 0 0 0 1 0 0 0 1 1 1 0 0 0 1 0 0 0 1 1 1 0 1 1 1 0 1 0 1 0 0 0 1 0 0 0 0 0 0 0 1 0 1 0 1 1 0 0 0 1 0 0 0 1 1 1 1 0 0 0 0 0 0 1 0 1 0 0 1 1 0 0 0 1 1 0 1 1 0 0 1 0 1 0 1 0 0 1 0 1 0 1 0 0 0 1 0 0 0 1 1 1 1 1 0 0 1 0 1 0 0 1 0 0 0 0 0 1 0 1 0 1 0 1 0 0 0 0 0 1 0 0 1 0 0 0 0 0 1 1 0 1 1 1 1 1 1 0 0 0 0 1 0 0 0 0 0 0 0 0 0 0 0 1 0 
sex[female]
0 0 1 1 0 0 0 1 0 0 1 0 1 1 0 0 0 0 0 1 0 0 0 1 0 1 0 0 1 1 1 0 0 0 0 0 0 0 0 0 0 0 0 0 0 0 1 1 1 0 0 1 0 0 0 0 0 0 0 1 1 1 0 1 0 1 1 0 1 1 1 1 1 1 0 1 1 0 0 0 0 1 0 1 1 0 0 0 0 1 0 0 0 0 0 1 0 0 0 0 0 0 0 0 0 0 0 0 0 1 1 0 0 0 1 0 0 0 0 1 0 0 1 1 0 0 0 0 1 1 1 1 0 1 1 1 0 1 0 0 1 1 0 0 0 0 0 1 0 0 0 0 1 1 0 0 1 1 0 1 0 0 0 0 1 1 0 0 0 1 0 0 0 1 1 0 0 0 0 0 0 0 0 1 0 1 0 0 1 1 0 1 0 0 1 1 0 1 0 1 1 1 0 0 1 0 1 0 0 0 0 0 0 0 0 0 0 1 0 0 0 0 0 1 0 1 0 1 0 0 0 1 0 1 1 1 0 1 1 0 0 1 0 1 0 0 0 0 0 0 0 0 0 0 1 0 0 0 0 0 1 0 0 1 0 0 0 0 1 0 0 1 0 0 1 0 0 0 1 0 0 0 1 0 0 1 1 0 0 1 0 0 0 0 0 0 0 0 1 0 0 0 0 0 0 0 0 1 1 0 0 0 0 0 0 1 0 1 1 0 0 1 0 
sex[male]
1 1 0 0 1 1 1 0 1 1 0 1 0 0 1 1 1 1 1 0 1 1 1 0 1 0 1 1 0 0 0 1 1 1 1 1 1 1 1 1 1 1 1 1 1 1 0 0 0 1 1 0 1 1 1 1 1 1 1 0 0 0 1 0 1 0 0 1 0 0 0 0 0 0 1 0 0 1 1 1 1 0 1 0 0 1 1 1 1 0 1 1 1 1 1 0 1 1 1 1 1 1 1 1 1 1 1 1 1 0 0 1 1 1 0 1 1 1 1 0 1 1 0 0 1 1 1 1 0 0 0 0 1 0 0 0 1 0 1 1 0 0 1 1 1 1 1 0 1 1 1 1 0 0 1 1 0 0 1 0 1 1 1 1 0 0 1 1 1 0 1 1 1 0 0 1 1 1 1 1 1 1 1 0 1 0 1 1 0 0 1 0 1 1 0 0 1 0 1 0 0 0 1 1 0 1 0 1 1 1 1 1 1 1 1 1 1 0 1 1 1 1 1 0 1 0 1 0 1 1 1 0 1 0 0 0 1 0 0 1 1 0 1 0 1 1 1 1 1 1 1 1 1 1 0 1 1 1 1 1 0 1 1 0 1 1 1 1 0 1 1 0 1 1 0 1 1 1 0 1 1 1 0 1 1 0 0 1 1 0 1 1 1 1 1 1 1 1 0 1 1 1 1 1 1 1 1 0 0 1 1 1 1 1 1 0 1 0 0 1 1 0 1 
subscribe[No]
1 1 1 1 1 0 1 1 1 0 0 1 1 1 1 0 1 0 1 1 1 1 1 1 1 0 0 0 1 0 1 1 1 1 1 0 1 1 1 0 0 0 1 1 0 1 0 0 0 1 1 0 1 0 1 1 0 0 0 1 0 1 0 1 1 0 0 0 0 0 1 0 0 0 1 1 1 1 0 1 1 1 1 1 0 0 1 0 1 1 0 1 0 0 1 1 0 1 0 0 1 0 1 0 1 1 1 1 0 0 1 1 0 1 1 1 1 0 0 0 0 0 1 0 0 1 1 0 0 0 1 1 1 0 0 1 0 1 1 1 0 1 1 1 1 1 1 0 1 0 1 0 0 1 0 1 1 0 0 0 0 1 0 1 1 1 1 1 1 0 1 1 1 1 1 0 0 1 1 1 1 1 1 1 0 0 0 0 1 0 1 0 0 1 1 1 1 1 0 1 0 1 0 1 1 1 1 1 0 1 0 1 1 1 1 0 1 0 0 1 1 0 1 1 0 0 1 1 0 1 1 0 1 1 0 0 1 0 0 1 0 1 0 1 1 0 1 1 1 1 0 0 0 1 1 1 0 0 1 1 1 1 1 0 1 1 0 0 0 1 1 1 0 0 1 1 1 1 1 1 1 1 1 0 1 1 0 1 0 1 1 0 0 0 1 0 1 0 1 1 0 1 0 1 0 1 0 1 1 1 1 0 0 1 1 0 0 1 1 0 1 1 1 
subscribe[Yes]
0 0 0 0 0 1 0 0 0 1 1 0 0 0 0 1 0 1 0 0 0 0 0 0 0 1 1 1 0 1 0 0 0 0 0 1 0 0 0 1 1 1 0 0 1 0 1 1 1 0 0 1 0 1 0 0 1 1 1 0 1 0 1 0 0 1 1 1 1 1 0 1 1 1 0 0 0 0 1 0 0 0 0 0 1 1 0 1 0 0 1 0 1 1 0 0 1 0 1 1 0 1 0 1 0 0 0 0 1 1 0 0 1 0 0 0 0 1 1 1 1 1 0 1 1 0 0 1 1 1 0 0 0 1 1 0 1 0 0 0 1 0 0 0 0 0 0 1 0 1 0 1 1 0 1 0 0 1 1 1 1 0 1 0 0 0 0 0 0 1 0 0 0 0 0 1 1 0 0 0 0 0 0 0 1 1 1 1 0 1 0 1 1 0 0 0 0 0 1 0 1 0 1 0 0 0 0 0 1 0 1 0 0 0 0 1 0 1 1 0 0 1 0 0 1 1 0 0 1 0 0 1 0 0 1 1 0 1 1 0 1 0 1 0 0 1 0 0 0 0 1 1 1 0 0 0 1 1 0 0 0 0 0 1 0 0 1 1 1 0 0 0 1 1 0 0 0 0 0 0 0 0 0 1 0 0 1 0 1 0 0 1 1 1 0 1 0 1 0 0 1 0 1 0 1 0 1 0 0 0 0 1 1 0 0 1 1 0 0 1 0 0 0 
hospitals
2 0 2 6 2 7 5 4 1 3 5 2 3 3 3 4 5 7 1 2 0 4 2 6 5 6 7 7 2 5 6 4 4 0 0 5 1 0 4 1 7 5 0 6 7 1 7 5 6 1 4 7 3 4 2 4 6 5 3 4 6 4 5 4 1 3 4 5 7 7 0 7 4 6 4 6 5 2 5 1 7 3 0 3 1 2 3 5 2 0 7 0 3 6 0 1 3 4 6 7 1 3 1 5 3 5 1 5 7 6 1 4 2 0 0 5 2 7 6 7 4 3 0 3 7 4 1 7 4 1 7 1 6 4 5 0 2 0 5 3 5 0 1 1 3 2 2 7 2 7 6 0 6 7 5 7 1 7 7 6 7 2 7 2 2 4 7 1 4 7 2 0 0 1 5 4 7 2 1 3 1 3 2 6 6 4 7 5 3 5 3 3 3 4 4 1 7 3 2 2 6 0 3 1 6 0 3 6 1 0 1 6 3 2 5 4 4 4 6 2 1 6 3 5 2 7 2 4 6 1 0 2 5 3 5 2 2 7 7 0 7 3 0 5 0 7 3 4 2 2 7 7 5 5 1 0 5 3 4 1 0 7 1 5 0 0 6 7 1 3 3 3 4 7 3 0 1 1 3 1 4 4 2 5 0 1 7 3 5 1 7 6 0 4 0 2 2 2 6 2 7 6 5 1 7 3 6 1 5 2 0 4 0 0 3 4 6 0 0 7 0 3 0 
conference[No]
0 1 1 0 1 0 1 1 1 1 0 0 0 1 1 1 0 0 1 1 1 1 1 1 0 1 0 1 1 1 1 0 1 1 1 1 1 1 1 1 0 0 1 1 0 1 0 0 0 1 1 0 1 1 1 0 0 1 0 0 0 1 0 0 1 0 0 1 0 1 1 0 0 0 1 0 1 1 1 1 0 1 1 0 1 1 1 0 1 1 0 1 0 0 1 1 1 1 0 0 1 1 1 1 0 1 1 1 0 0 1 1 1 1 1 1 1 0 0 0 1 1 1 1 0 0 1 0 0 0 1 1 1 1 1 1 0 1 0 1 0 1 1 1 1 1 1 0 0 0 0 1 0 0 0 0 0 0 0 1 0 1 0 1 1 0 0 1 1 0 1 1 1 1 0 0 0 1 1 1 1 1 1 0 1 1 0 0 1 0 1 0 0 1 1 1 0 1 0 1 0 1 0 1 1 1 0 1 1 1 0 1 1 0 0 0 0 0 0 1 0 0 1 1 0 1 1 1 0 1 1 0 0 1 1 1 0 0 0 1 0 1 1 1 1 0 1 1 0 1 0 0 0 0 1 1 1 1 0 1 1 1 1 1 1 1 0 0 1 1 0 1 1 0 1 1 1 1 0 0 1 0 1 1 1 1 0 0 1 1 1 1 0 0 1 1 1 1 0 0 0 1 0 1 0 0 0 1 0 1 1 1 1 1 1 1 0 0 1 0 1 0 1 
conference[Yes]
1 0 0 1 0 1 0 0 0 0 1 1 1 0 0 0 1 1 0 0 0 0 0 0 1 0 1 0 0 0 0 1 0 0 0 0 0 0 0 0 1 1 0 0 1 0 1 1 1 0 0 1 0 0 0 1 1 0 1 1 1 0 1 1 0 1 1 0 1 0 0 1 1 1 0 1 0 0 0 0 1 0 0 1 0 0 0 1 0 0 1 0 1 1 0 0 0 0 1 1 0 0 0 0 1 0 0 0 1 1 0 0 0 0 0 0 0 1 1 1 0 0 0 0 1 1 0 1 1 1 0 0 0 0 0 0 1 0 1 0 1 0 0 0 0 0 0 1 1 1 1 0 1 1 1 1 1 1 1 0 1 0 1 0 0 1 1 0 0 1 0 0 0 0 1 1 1 0 0 0 0 0 0 1 0 0 1 1 0 1 0 1 1 0 0 0 1 0 1 0 1 0 1 0 0 0 1 0 0 0 1 0 0 1 1 1 1 1 1 0 1 1 0 0 1 0 0 0 1 0 0 1 1 0 0 0 1 1 1 0 1 0 0 0 0 1 0 0 1 0 1 1 1 1 0 0 0 0 1 0 0 0 0 0 0 0 1 1 0 0 1 0 0 1 0 0 0 0 1 1 0 1 0 0 0 0 1 1 0 0 0 0 1 1 0 0 0 0 1 1 1 0 1 0 1 1 1 0 1 0 0 0 0 0 0 0 1 1 0 1 0 1 0 
practice.size
7 6 4 5 2 6 6 5 5 5 6 3 5 4 4 5 3 4 1 2 1 4 1 3 4 4 4 2 3 4 2 2 2 3 1 1 1 2 1 1 6 1 1 1 1 1 2 2 2 1 1 1 1 3 3 1 2 1 1 2 1 1 3 1 2 2 3 3 2 8 1 2 2 1 2 2 1 4 1 2 2 2 2 5 1 1 2 1 1 1 4 1 2 2 5 3 5 4 6 3 4 2 5 4 8 7 5 3 3 4 2 5 4 5 3 3 4 5 4 4 6 9 6 4 8 7 1 4 5 2 3 3 7 5 5 2 5 6 4 4 7 5 4 4 4 3 7 6 4 2 6 4 4 3 5 5 5 3 3 10 7 2 10 3 6 4 4 4 5 4 6 5 3 6 6 3 4 6 4 3 6 4 5 6 5 2 3 6 4 2 1 1 4 1 8 1 2 5 1 3 5 1 1 4 2 1 3 2 3 5 3 4 2 4 4 3 6 5 6 5 7 7 4 2 4 6 5 5 8 1 2 1 2 1 2 2 2 5 2 1 2 5 3 1 1 3 1 2 3 11 4 3 4 4 9 4 6 4 5 6 7 5 3 6 4 2 4 7 1 4 5 1 3 3 3 2 3 2 1 2 1 3 1 1 1 3 2 3 3 5 3 4 4 6 4 4 5 4 6 6 3 3 4 4 5 4 2 8 7 3 6 6 2 5 6 5 5 12 4 3 5 4 5 
visits
225 179 67 86 65 71 142 102 263 151 77 66 122 179 116 124 163 40 50 24 97 56 59 17 70 62 38 72 68 30 65 87 44 119 17 125 41 86 64 68 36 4 62 124 130 58 10 29 30 50 53 19 69 23 130 18 42 20 90 19 112 114 16 23 88 20 113 38 121 51 136 17 40 81 126 113 15 145 58 34 61 109 65 130 33 11 126 7 83 62 18 122 74 90 66 220 268 60 250 89 102 32 61 48 194 181 206 108 84 183 32 315 67 291 169 150 65 123 183 129 167 254 113 222 196 134 239 53 270 47 118 27 103 111 301 126 192 103 64 86 316 44 131 149 293 150 303 96 186 29 241 334 120 248 322 91 259 53 144 102 242 91 215 132 170 64 281 239 254 70 81 101 261 123 84 188 158 287 180 70 217 267 281 82 251 66 223 101 167 21 144 10 63 11 53 30 56 45 93 53 127 54 112 126 34 38 20 114 52 75 129 285 246 246 248 27 185 76 127 43 132 306 152 218 104 87 211 221 75 11 81 103 96 19 122 89 34 36 107 17 115 20 95 10 11 96 11 133 55 352 95 39 216 262 122 159 148 273 176 244 252 209 51 142 184 42 168 93 18 114 44 26 65 41 31 142 33 86 18 104 51 98 10 56 14 52 27 245 139 156 279 131 76 73 60 138 246 242 170 301 262 236 257 148 274 224 24 172 95 255 63 51 44 149 126 68 188 170 61 105 122 208 154 
program[No]
1 1 1 0 1 0 1 0 1 1 1 1 0 0 1 1 0 0 1 1 1 1 1 0 0 1 0 0 0 0 0 0 1 1 1 1 1 1 1 0 0 1 1 0 1 1 0 1 0 1 0 0 1 1 1 1 1 0 1 1 0 0 0 0 1 1 1 0 0 0 1 0 1 1 0 0 1 0 0 1 1 0 1 1 0 1 1 0 1 1 0 1 1 0 1 1 1 1 0 1 1 0 1 0 1 1 1 0 0 0 1 1 1 1 1 1 1 1 0 0 1 1 1 1 1 1 1 1 0 1 1 1 1 0 1 1 1 0 1 0 0 1 1 1 1 1 1 0 1 1 0 0 0 0 0 0 1 0 1 1 0 1 0 0 0 0 0 1 0 0 1 1 1 1 1 1 0 1 1 1 1 1 1 0 1 1 0 0 0 0 1 0 1 0 0 1 0 1 1 1 1 1 0 1 0 1 0 0 1 1 0 1 1 1 0 0 1 0 1 1 1 0 1 0 1 1 1 1 0 1 1 0 1 1 0 1 1 0 0 1 0 1 1 0 1 0 1 1 1 1 0 0 0 0 1 1 1 0 0 1 1 0 1 0 1 1 0 0 1 1 1 1 0 0 1 1 1 1 0 1 0 0 1 1 1 1 1 0 0 1 0 1 1 1 1 1 0 0 1 1 0 0 1 1 1 0 1 1 0 1 1 1 0 1 0 1 0 1 1 0 1 1 1 
program[Yes]
0 0 0 1 0 1 0 1 0 0 0 0 1 1 0 0 1 1 0 0 0 0 0 1 1 0 1 1 1 1 1 1 0 0 0 0 0 0 0 1 1 0 0 1 0 0 1 0 1 0 1 1 0 0 0 0 0 1 0 0 1 1 1 1 0 0 0 1 1 1 0 1 0 0 1 1 0 1 1 0 0 1 0 0 1 0 0 1 0 0 1 0 0 1 0 0 0 0 1 0 0 1 0 1 0 0 0 1 1 1 0 0 0 0 0 0 0 0 1 1 0 0 0 0 0 0 0 0 1 0 0 0 0 1 0 0 0 1 0 1 1 0 0 0 0 0 0 1 0 0 1 1 1 1 1 1 0 1 0 0 1 0 1 1 1 1 1 0 1 1 0 0 0 0 0 0 1 0 0 0 0 0 0 1 0 0 1 1 1 1 0 1 0 1 1 0 1 0 0 0 0 0 1 0 1 0 1 1 0 0 1 0 0 0 1 1 0 1 0 0 0 1 0 1 0 0 0 0 1 0 0 1 0 0 1 0 0 1 1 0 1 0 0 1 0 1 0 0 0 0 1 1 1 1 0 0 0 1 1 0 0 1 0 1 0 0 1 1 0 0 0 0 1 1 0 0 0 0 1 0 1 1 0 0 0 0 0 1 1 0 1 0 0 0 0 0 1 1 0 0 1 1 0 0 0 1 0 0 1 0 0 0 1 0 1 0 1 0 0 1 0 0 0 
details.nosorr
3 13 2 1 3 3 4 4 4 5 1 1 2 5 4 3 5 2 4 2 4 3 2 1 3 5 1 4 4 2 3 6 3 4 2 1 2 4 2 7 1 1 5 3 2 4 2 1 2 3 2 1 2 2 7 2 2 1 3 1 8 4 2 1 6 2 8 2 9 2 3 3 4 2 4 2 3 2 3 1 5 1 3 3 3 1 3 2 2 5 1 4 4 3 3 4 7 2 6 5 4 3 5 2 8 7 5 2 5 7 2 8 1 12 4 4 2 6 5 6 5 5 5 16 6 4 5 2 7 3 9 1 2 3 10 6 9 4 3 2 10 4 9 6 7 6 10 2 5 1 5 6 3 7 10 8 10 5 5 5 6 5 6 2 4 6 8 6 8 3 2 2 14 5 6 6 6 6 7 4 6 8 10 6 4 1 11 3 3 1 5 2 2 1 3 2 2 1 3 3 4 4 4 5 1 1 3 4 2 2 1 13 10 6 10 2 6 3 6 4 3 9 2 9 2 3 5 7 4 2 2 4 3 1 3 4 4 1 5 1 2 2 3 1 1 6 1 6 2 12 5 2 6 4 7 6 3 10 6 7 6 11 1 2 2 1 7 2 2 4 1 1 1 3 2 4 1 3 1 3 4 5 1 2 1 5 3 7 5 7 11 3 3 3 2 5 8 6 5 8 6 4 10 7 17 5 2 5 4 9 4 2 2 9 6 1 5 7 3 2 6 7 5 
details.paenex
4 2 1 1 3 3 1 5 5 1 1 1 2 1 2 2 4 1 1 1 1 1 1 1 2 2 2 1 1 1 3 1 1 2 1 1 2 2 1 1 1 1 1 1 2 1 1 1 1 1 1 1 2 2 1 1 1 2 1 1 3 2 1 1 3 1 2 2 3 1 2 1 1 1 2 1 2 3 1 1 1 2 1 2 1 1 1 1 2 1 1 1 2 1 1 1 3 1 4 3 2 1 1 2 1 3 3 6 2 2 2 2 1 3 2 5 2 3 2 1 2 2 3 3 3 3 5 1 3 2 4 1 1 3 4 2 2 2 1 2 5 1 1 2 1 5 2 1 1 1 3 2 1 4 7 1 6 2 4 2 3 1 2 2 2 2 5 4 4 2 2 2 3 2 3 2 2 4 1 2 4 2 3 4 5 1 2 1 1 2 2 1 1 1 2 1 1 2 2 1 2 1 4 1 1 1 1 1 3 1 3 5 1 5 2 3 1 1 2 1 2 5 4 6 1 1 4 5 2 1 2 1 1 1 1 2 1 1 3 1 2 2 3 1 1 4 1 2 1 3 2 1 3 4 2 3 2 7 1 2 6 2 1 2 3 1 3 2 1 4 2 1 1 2 1 1 1 2 1 2 1 1 1 1 1 1 1 7 2 3 3 3 1 1 1 2 3 3 2 2 3 2 4 2 6 4 1 2 1 4 1 1 1 1 2 2 1 5 2 2 3 2 1 
details.other
7 3 1 1 1 2 2 2 8 4 1 1 3 5 1 4 2 3 1 2 3 2 1 1 1 3 2 1 1 2 2 1 1 2 1 3 2 2 1 1 2 1 3 4 1 2 1 1 2 1 1 1 1 2 5 2 1 1 1 1 2 3 2 1 3 2 2 1 1 1 3 1 1 2 3 3 1 3 2 1 1 2 2 3 2 1 2 1 1 1 1 1 1 2 1 4 5 4 7 5 2 1 1 1 3 2 4 2 2 6 1 7 2 4 2 2 1 4 3 2 3 4 3 4 5 3 4 2 2 1 2 1 2 3 9 2 3 1 2 8 3 3 3 2 7 4 3 1 3 1 4 2 3 4 4 3 4 4 2 4 5 4 8 4 3 1 4 6 5 3 1 2 4 2 1 1 2 7 2 2 4 3 7 3 6 2 3 2 3 1 2 1 1 1 1 1 1 1 3 2 2 1 3 3 1 1 1 2 2 1 4 6 4 3 5 1 3 2 1 1 2 8 2 2 2 3 4 6 2 2 3 1 3 2 3 1 1 1 3 1 2 1 3 1 1 2 1 4 2 11 3 1 2 5 1 2 2 7 5 5 4 2 4 2 4 2 5 2 2 3 1 1 2 1 1 4 1 7 1 2 1 3 1 1 1 2 2 7 1 3 5 2 2 2 2 4 7 4 4 6 5 3 5 4 3 3 1 4 2 2 2 3 1 1 3 3 2 3 3 4 3 4 4 
mentions.nosorr
13 42 6 5 10 15 12 15 14 16 6 3 6 13 12 10 18 4 16 11 11 14 7 4 7 18 2 18 13 10 6 29 12 14 7 4 5 13 5 33 4 3 19 12 6 13 6 5 7 11 10 3 5 6 24 7 3 3 9 4 34 11 6 4 15 6 23 4 23 6 7 9 18 8 13 3 6 7 12 3 20 3 5 8 8 6 11 7 7 20 4 10 18 10 6 13 28 5 21 15 14 7 19 9 15 29 15 2 11 16 6 26 3 26 9 14 3 25 21 24 12 16 12 58 14 7 17 9 23 12 17 5 4 9 31 21 28 13 15 3 35 12 18 17 17 17 31 5 12 2 19 16 11 17 35 25 26 15 15 13 23 21 17 4 13 16 18 17 30 12 4 9 35 8 10 14 21 26 23 8 12 34 38 16 14 6 34 5 9 4 15 9 7 12 9 3 8 2 11 10 16 14 15 19 4 4 16 11 12 10 5 41 27 17 41 9 22 11 21 13 9 30 6 25 7 16 15 24 8 6 8 11 5 3 5 13 8 4 19 2 11 8 9 5 3 23 1 23 8 40 20 11 26 12 21 21 11 30 20 20 15 20 7 3 4 4 22 8 8 18 5 4 7 11 3 18 6 10 3 8 17 19 4 9 3 21 6 28 23 22 30 8 14 15 6 19 32 22 20 19 19 24 37 24 45 21 5 9 10 27 13 7 10 27 21 1 16 21 9 9 19 20 21 
minutes.nosorr
32 91 19 11 23 37 22 34 27 35 5 3 13 29 27 19 39 13 20 19 15 18 18 8 13 34 7 43 32 10 14 63 19 29 15 10 7 29 10 61 5 9 40 22 10 26 13 9 10 15 24 5 12 11 49 14 8 9 9 8 69 19 18 9 30 14 49 4 38 16 18 17 41 22 23 6 11 15 21 9 41 6 11 19 16 11 31 17 13 40 5 23 32 20 11 21 56 9 31 29 16 8 36 24 35 52 27 2 27 31 19 42 5 53 16 27 6 43 52 63 25 36 21 101 29 12 33 15 46 22 29 10 10 17 74 50 57 31 23 11 65 32 32 38 45 37 56 6 37 6 33 32 25 33 80 42 48 22 32 26 51 47 29 12 34 19 32 34 78 25 8 14 82 9 13 34 51 47 33 12 13 78 67 20 29 8 67 15 20 12 27 23 15 35 15 7 14 7 22 18 26 29 31 38 9 10 35 25 20 22 8 82 51 41 80 30 46 28 46 22 23 66 14 52 15 37 38 48 15 18 15 23 13 3 12 25 13 12 33 5 20 17 16 7 9 46 4 55 12 69 38 25 49 21 45 42 21 49 35 36 25 33 17 11 9 11 48 16 18 37 10 6 21 19 0 38 12 28 5 20 26 41 9 17 11 43 9 58 46 35 63 13 31 31 15 27 64 53 37 30 36 39 82 50 108 40 13 12 15 45 26 7 23 57 45 2 35 38 23 14 37 38 51 
samples.nosorr
46 259 54 32 39 31 80 107 82 63 19 17 30 90 36 26 58 36 55 50 54 47 14 18 32 87 13 67 87 40 43 97 47 93 40 2 14 58 60 96 23 24 57 50 35 85 31 6 34 41 29 11 35 35 126 25 45 5 50 8 109 55 27 8 57 17 128 20 176 20 55 39 61 27 29 21 57 36 46 10 73 24 64 32 55 6 45 32 22 94 37 64 37 48 58 83 139 15 86 84 72 47 103 38 158 143 92 15 78 79 43 115 27 165 74 61 42 120 93 125 64 86 82 210 68 62 46 29 96 47 140 16 16 68 186 134 137 66 36 31 128 57 142 96 75 73 164 39 89 22 55 107 21 98 138 84 109 51 126 52 73 65 109 28 50 115 128 125 167 50 39 11 154 62 73 48 57 84 127 64 96 107 225 82 52 23 234 32 74 12 101 27 43 18 76 17 26 19 50 27 51 70 71 70 4 15 51 48 61 52 12 212 141 60 139 34 148 27 91 72 29 129 26 129 36 30 70 111 57 33 33 39 55 21 42 53 41 7 86 25 12 58 83 21 12 88 3 113 39 168 103 31 113 43 104 112 66 150 103 97 91 190 12 22 16 2 94 17 20 52 15 6 9 37 27 57 8 41 16 50 88 75 18 17 20 75 20 95 57 112 123 58 56 64 14 71 92 137 82 108 68 84 194 108 253 103 41 78 80 132 52 40 24 117 67 16 88 108 52 57 111 106 94 
samples.paenex
103 37 10 13 51 76 18 60 67 9 6 0 39 3 42 23 70 31 11 4 7 13 8 28 24 8 42 8 5 31 88 18 8 29 30 23 50 51 8 4 15 12 16 20 17 13 11 29 17 1 28 7 31 27 11 9 28 31 14 25 64 33 4 20 34 20 13 22 51 11 48 13 14 15 48 16 52 39 7 28 4 33 26 30 22 7 24 17 32 31 22 14 14 34 12 15 38 5 63 48 43 68 32 22 13 47 49 74 15 8 29 31 12 50 25 88 11 46 45 13 49 48 40 53 70 24 108 18 52 17 33 6 12 72 96 34 38 15 10 38 90 14 16 25 11 65 38 15 7 13 57 23 9 38 122 5 89 34 48 24 21 9 24 41 35 16 56 68 35 19 59 42 58 45 39 11 20 63 40 27 75 4 55 57 48 14 48 16 9 16 21 23 23 30 20 9 35 35 19 7 33 35 92 21 17 7 10 9 78 14 75 64 13 71 29 65 12 20 36 19 33 64 69 78 18 14 58 59 44 7 29 14 47 33 0 32 14 11 31 16 18 26 36 17 19 55 14 54 19 52 33 12 37 65 32 34 48 150 13 29 90 27 5 21 43 4 58 16 17 53 71 36 7 39 16 12 10 18 15 11 21 16 8 20 5 11 27 114 18 51 52 39 11 22 29 21 46 45 43 18 38 19 64 24 122 60 19 39 16 65 9 15 14 21 51 21 9 108 35 57 36 50 26 
samples.other
50 20 1 28 6 9 14 32 79 12 8 15 24 43 13 40 12 21 1 24 42 12 8 2 12 18 31 10 4 15 16 5 10 23 11 17 3 0 8 4 17 2 23 10 5 11 14 0 6 1 5 10 0 9 19 6 18 25 2 0 14 28 12 5 20 11 10 6 10 13 24 1 7 10 13 21 2 15 17 1 10 16 24 33 22 1 14 12 5 4 30 12 12 14 5 46 61 45 45 48 5 5 1 6 36 9 43 11 5 45 5 49 21 27 16 16 1 21 18 16 38 31 28 37 43 10 30 4 20 4 13 33 30 32 68 30 12 9 7 65 23 25 19 19 75 34 30 6 40 12 24 22 16 42 15 40 25 21 5 69 27 29 70 17 14 7 35 62 34 31 5 15 24 27 14 19 7 65 9 15 24 41 55 37 30 17 25 16 20 22 13 2 6 2 1 3 6 9 40 14 5 1 27 36 6 2 9 20 11 2 18 51 31 12 25 3 16 18 4 10 17 65 9 12 21 23 28 47 14 18 27 2 11 22 17 12 1 6 49 7 26 21 22 8 7 9 6 17 4 62 12 3 13 56 1 6 25 39 35 30 55 11 20 25 40 4 33 21 26 31 5 2 24 3 7 57 6 39 1 24 11 26 17 10 8 20 19 66 12 37 23 17 32 8 28 24 72 9 20 44 38 20 52 34 40 26 6 29 12 17 9 9 7 16 36 26 27 28 31 18 11 26 17 
nrx.nosorr
26 50 7 8 8 5 19 13 28 22 9 9 19 22 24 12 24 5 26 7 58 29 31 3 42 29 10 39 28 7 26 49 10 74 4 82 17 32 22 22 8 0 26 59 59 22 2 8 9 17 25 4 23 5 57 6 16 3 38 5 40 36 2 3 26 5 40 3 54 9 31 9 12 29 39 46 2 47 20 8 32 40 19 56 10 4 51 3 39 24 5 69 36 41 9 46 50 3 25 12 17 2 12 5 31 25 45 15 14 14 2 46 2 58 32 27 10 29 43 30 28 71 20 64 36 12 52 5 47 5 26 1 7 16 45 20 28 14 6 5 50 3 23 28 43 17 77 11 46 4 44 69 21 42 41 10 44 4 21 5 27 19 41 18 19 7 38 39 42 5 6 39 154 51 18 96 113 128 127 24 100 172 137 15 108 16 161 28 84 5 57 2 25 2 6 16 15 11 28 14 39 14 31 43 3 12 3 41 12 4 2 33 45 29 26 0 25 5 32 5 16 16 5 19 9 4 11 14 1 2 19 59 28 3 47 37 9 7 41 4 33 3 26 2 2 27 2 40 8 81 30 7 65 59 23 44 31 63 52 82 51 90 8 53 40 5 39 16 7 65 14 16 38 12 9 108 15 54 4 70 27 70 3 27 6 28 15 50 47 39 97 36 13 11 10 35 64 65 46 98 99 89 85 62 88 94 6 88 26 152 19 20 12 82 27 18 103 66 12 45 47 113 78 
nrx.paenex
182 95 19 24 23 19 59 64 166 67 28 22 70 64 62 57 140 10 21 5 49 17 23 3 36 20 12 24 21 6 26 26 9 79 6 53 15 63 33 29 6 0 23 63 79 23 1 7 8 19 26 3 40 7 62 6 20 9 59 7 80 71 3 5 56 4 84 8 83 14 93 2 14 34 100 51 3 105 27 10 30 71 31 69 16 2 74 1 55 22 4 78 43 44 20 123 154 10 169 42 72 12 23 20 67 116 111 76 52 75 8 165 18 203 102 96 19 69 98 67 80 181 56 159 106 40 198 15 209 13 83 6 27 59 182 70 103 32 16 22 278 12 49 78 121 83 183 31 102 10 202 240 56 196 277 26 207 10 110 33 130 43 102 65 88 23 240 144 182 17 28 50 171 51 26 67 78 184 95 16 131 121 134 17 147 11 120 25 56 5 111 2 31 1 13 17 35 19 67 26 84 28 85 63 9 22 6 71 31 22 77 219 142 220 135 9 92 24 78 15 78 196 90 194 61 18 168 172 22 2 35 81 62 4 58 48 6 10 76 5 77 10 62 3 1 70 2 78 9 163 45 8 117 163 51 85 85 217 64 120 187 136 8 72 91 7 103 23 5 54 13 9 17 11 6 49 3 23 5 48 14 33 2 18 2 24 2 167 79 89 173 66 16 19 17 55 125 162 83 137 174 143 152 72 195 105 5 77 26 188 15 8 9 52 33 14 50 95 13 48 52 104 55 
nrx.other
160 101 18 30 14 17 73 47 200 89 31 23 66 124 49 63 85 17 21 6 56 21 18 4 30 28 10 30 24 8 20 29 7 62 2 61 14 49 22 23 11 4 35 86 55 35 2 10 14 22 17 4 16 5 85 5 15 3 54 4 81 75 7 11 57 7 56 14 59 15 80 8 19 38 88 92 3 86 27 10 20 79 35 82 11 5 72 2 56 26 7 77 43 48 31 188 201 30 196 44 49 17 21 9 119 69 112 37 49 118 10 280 30 194 79 57 20 67 92 83 72 178 56 172 115 50 147 25 152 14 51 9 42 63 252 53 95 32 27 41 152 18 73 72 274 79 226 33 156 13 174 248 59 167 146 42 136 25 60 56 144 64 167 86 85 13 180 188 187 28 25 36 149 49 19 54 67 189 113 14 104 163 176 23 142 17 130 30 84 9 78 5 27 4 12 9 22 11 68 23 89 18 76 90 14 16 4 89 15 27 69 200 197 142 207 4 110 39 61 18 70 209 59 102 72 42 163 176 27 7 48 57 75 5 89 55 12 12 57 4 74 8 64 4 4 41 3 92 13 282 33 8 99 181 39 59 97 168 134 165 131 122 19 68 116 15 99 26 7 56 7 8 34 9 6 105 5 65 7 47 20 55 2 10 2 20 7 155 53 81 190 65 30 24 25 81 187 156 95 235 201 159 166 116 140 85 4 65 30 114 11 16 10 59 47 21 81 57 18 48 47 108 76 
therapy.days.nosorr
528 875 36 54 39 34 160 100 579 203 57 61 155 183 226 107 493 15 235 54 1039 266 280 20 421 266 52 334 239 40 210 440 57 1500 27 1527 164 467 229 167 35 0 268 1087 1135 248 10 65 90 156 257 27 212 37 1137 33 123 9 808 34 815 679 21 24 450 30 760 20 1089 38 529 79 103 289 677 915 10 913 180 51 279 785 176 1125 101 12 1104 13 762 187 26 1187 665 364 64 940 1035 9 482 122 166 10 70 48 313 214 384 127 128 111 10 876 10 1059 294 260 56 263 428 285 217 1321 172 1166 322 67 1003 26 952 30 244 7 62 148 763 209 245 61 22 30 1026 24 247 213 797 152 1519 53 821 23 761 1304 175 907 861 68 722 27 216 35 267 199 774 156 180 32 787 760 701 19 26 389 2895 461 107 834 2382 2483 2557 128 1951 3198 2631 76 1877 104 3038 195 748 37 1123 10 236 21 37 138 131 82 556 139 778 121 416 831 13 129 13 725 97 27 28 600 816 517 505 0 236 27 284 38 167 338 59 334 80 49 149 356 3 17 140 1137 547 13 968 725 42 40 944 12 658 9 553 17 21 512 6 728 46 1463 225 40 601 1096 130 336 260 1090 1161 1594 973 1541 28 518 792 19 794 101 36 1120 87 174 301 77 64 1931 112 1067 49 1339 208 1281 17 241 40 242 97 964 368 320 1899 326 62 74 53 372 1143 1219 464 1798 1670 1783 1627 1294 1677 877 22 837 167 2945 121 110 99 727 163 102 959 625 47 412 445 2203 745 
therapy.days.paenex
3253 1835 98 103 136 81 551 627 3266 645 174 144 645 532 599 510 2569 45 198 37 913 170 207 24 336 178 81 203 194 33 224 222 46 1519 44 1141 150 1274 276 257 48 0 196 1157 1534 175 3 25 58 187 215 20 348 55 1298 37 158 53 1122 40 1485 1379 20 19 1089 24 1656 50 1502 94 1752 6 132 300 1673 1031 28 1979 263 57 293 1186 266 1336 142 10 1397 3 928 233 28 1375 818 399 115 2437 2941 53 3060 351 692 70 147 102 541 1092 958 671 485 684 50 3275 99 3841 911 790 115 642 841 523 699 3670 525 2925 952 225 3894 90 4322 80 719 37 167 493 3381 616 1022 223 123 151 5437 71 459 696 2239 743 3451 171 2004 42 3821 4363 518 3666 5349 193 3826 71 936 130 1179 341 1988 597 713 134 4983 2587 3310 101 134 432 3277 416 178 595 1396 3574 1796 115 2362 2413 2599 110 2725 56 2098 165 526 34 2285 28 279 7 73 138 284 135 1300 258 1633 255 1695 1301 46 191 18 1287 270 111 724 4195 2528 4197 2735 57 828 172 675 116 688 3839 792 3479 546 113 3437 3288 112 10 353 1683 1184 16 1215 979 45 60 1343 45 1485 34 1184 20 3 1401 10 1549 76 3167 365 54 1046 3212 278 844 778 4103 1203 2170 3398 2496 51 678 1635 65 1923 126 26 1015 78 83 156 55 34 970 17 463 45 959 128 745 10 152 17 210 6 3123 677 844 3235 635 115 121 92 523 2398 2886 757 2684 3358 2672 2761 1275 3424 1032 30 712 168 3370 142 57 57 558 198 98 432 857 95 439 453 1717 559 
therapy.days.other
3381 1930 107 191 72 78 654 438 3990 832 158 130 617 1073 436 554 1489 111 212 26 1077 237 145 27 306 260 85 274 254 32 153 270 36 1162 10 1163 150 975 194 219 45 23 343 1661 1132 311 6 71 96 237 137 23 124 30 1668 19 117 13 1077 27 1479 1416 73 75 1157 58 1057 78 1083 79 1300 43 152 382 1526 1733 24 1521 235 63 199 1515 394 1564 97 19 1351 10 937 272 54 1517 767 485 184 3549 3917 184 3705 371 411 119 131 46 1148 665 1029 351 465 1048 71 5225 184 3771 703 547 105 668 907 749 667 3392 505 3429 996 276 2757 154 3003 83 458 50 262 529 4693 492 860 153 149 218 2938 126 547 626 5494 733 4344 179 2991 106 3050 4710 605 3290 2873 282 2466 171 466 335 1256 619 3212 690 754 70 3562 3503 3683 178 172 361 2804 448 91 480 1238 3706 2075 94 2054 3042 3084 122 2681 107 2495 143 741 68 1552 30 225 35 69 87 190 85 1300 223 1671 174 1412 1797 65 163 27 1815 149 155 677 3713 3843 2720 3891 16 919 229 560 103 543 4126 510 1765 650 276 3213 3307 193 47 470 1100 1517 19 1845 964 92 66 1130 27 1478 57 1304 12 31 799 17 1800 54 5461 294 39 807 3550 259 508 826 3264 2584 3195 2539 2239 125 631 2128 75 1694 201 29 1091 54 73 258 53 48 1943 19 1304 25 812 165 1070 17 90 6 206 29 2966 492 646 3600 568 162 132 144 695 3582 2957 802 4406 3872 2950 3192 2050 2481 782 34 554 187 2263 85 111 53 489 306 108 768 482 118 396 429 1922 644 
NRx/Visit
0.11555556 0.27932961 0.10447761 0.09302326 0.12307692 0.07042254 0.13380282 0.12745098 0.10646388 0.14569536 0.11688312 0.13636364 0.1557377 0.12290503 0.20689655 0.09677419 0.14723926 0.125 0.52 0.29166667 0.59793814 0.51785714 0.52542373 0.17647059 0.6 0.46774194 0.26315789 0.54166667 0.41176471 0.23333333 0.4 0.56321839 0.22727273 0.62184874 0.23529412 0.656 0.41463415 0.37209302 0.34375 0.32352941 0.22222222 0 0.41935484 0.47580645 0.45384615 0.37931034 0.2 0.27586207 0.3 0.34 0.47169811 0.21052632 0.33333333 0.2173913 0.43846154 0.33333333 0.38095238 0.15 0.42222222 0.26315789 0.35714286 0.31578947 0.125 0.13043478 0.29545455 0.25 0.3539823 0.07894737 0.44628099 0.17647059 0.22794118 0.52941176 0.3 0.35802469 0.30952381 0.40707965 0.13333333 0.32413793 0.34482759 0.23529412 0.52459016 0.36697248 0.29230769 0.43076923 0.3030303 0.36363636 0.4047619 0.42857143 0.46987952 0.38709677 0.27777778 0.56557377 0.48648649 0.45555556 0.13636364 0.20909091 0.18656716 0.05 0.1 0.13483146 0.16666667 0.0625 0.19672131 0.10416667 0.15979381 0.13812155 0.2184466 0.13888889 0.16666667 0.07650273 0.0625 0.14603175 0.02985075 0.19931271 0.18934911 0.18 0.15384615 0.23577236 0.23497268 0.23255814 0.16766467 0.27952756 0.17699115 0.28828829 0.18367347 0.08955224 0.21757322 0.09433962 0.17407407 0.10638298 0.22033898 0.03703704 0.06796117 0.14414414 0.14950166 0.15873016 0.14583333 0.13592233 0.09375 0.05813953 0.15822785 0.06818182 0.17557252 0.18791946 0.14675768 0.11333333 0.25412541 0.11458333 0.24731183 0.13793103 0.18257261 0.20658683 0.175 0.16935484 0.12732919 0.10989011 0.16988417 0.0754717 0.14583333 0.04901961 0.11157025 0.20879121 0.19069767 0.13636364 0.11176471 0.109375 0.13523132 0.16317992 0.16535433 0.07142857 0.07407407 0.38613861 0.59003831 0.41463415 0.21428571 0.5106383 0.71518987 0.44599303 0.70555556 0.34285714 0.46082949 0.64419476 0.48754448 0.18292683 0.43027888 0.24242424 0.72197309 0.27722772 0.50299401 0.23809524 0.39583333 0.2 0.3968254 0.18181818 0.11320755 0.53333333 0.26785714 0.24444444 0.30107527 0.26415094 0.30708661 0.25925926 0.27678571 0.34126984 0.08823529 0.31578947 0.15 0.35964912 0.23076923 0.05333333 0.01550388 0.11578947 0.18292683 0.11788618 0.10483871 0 0.13513514 0.06578947 0.2519685 0.11627907 0.12121212 0.05228758 0.03289474 0.08715596 0.08653846 0.04597701 0.0521327 0.06334842 0.01333333 0.18181818 0.2345679 0.57281553 0.29166667 0.15789474 0.3852459 0.41573034 0.26470588 0.19444444 0.38317757 0.23529412 0.28695652 0.15 0.27368421 0.2 0.18181818 0.28125 0.18181818 0.30075188 0.14545455 0.23011364 0.31578947 0.17948718 0.30092593 0.22519084 0.18852459 0.27672956 0.20945946 0.23076923 0.29545455 0.33606557 0.20238095 0.43062201 0.15686275 0.37323944 0.2173913 0.11904762 0.23214286 0.17204301 0.38888889 0.57017544 0.31818182 0.61538462 0.58461538 0.29268293 0.29032258 0.76056338 0.45454545 0.62790698 0.22222222 0.67307692 0.52941176 0.71428571 0.3 0.48214286 0.42857143 0.53846154 0.55555556 0.20408163 0.3381295 0.25 0.34767025 0.27480916 0.17105263 0.15068493 0.16666667 0.25362319 0.2601626 0.26859504 0.27058824 0.3255814 0.3778626 0.37711864 0.3307393 0.41891892 0.32116788 0.41964286 0.25 0.51162791 0.27368421 0.59607843 0.3015873 0.39215686 0.27272727 0.55033557 0.21428571 0.26470588 0.54787234 0.38823529 0.19672131 0.42857143 0.3852459 0.54326923 0.50649351 
